242 1111.

1111111111, 111 111 1111 11111Ν11111 1111 11111111 111111 1111111111
1111111111. 81 111111111111 1111 mich 1111111111 gegen 1111111111
1111111111111, 11111 111 11111111 111 3111111111111111111.
11111111111111 111, 1111111 111 1111111111111111, 1111
11111111111111111111113111111111111111, Das 1111111 11111 1111
3111111111 enntgegen sein 111111, wil} 111 111 1111111111 gebeton
11111, 111 111111111111 1111111111111111111, 1111111111111111,
1111 durch 111111111 1111111111111111111 1111. 11111111111111
werde billichabtrag 111111 111111111. 1111111 11111111 1111111·
11111 1111111111. ,
’ (1111111111 8111111111.) 1111111111111111111111131111111111,
, 1111111111, 111111113111111 1111111, mein hanndlung‚ wie sich
gehflrt. 11111111111111111.
8111111111Η11111111111111111111.

111111 1111111111 1111111118131111111111 111111111111 11 1111
11111113, 11 11 111Ν111111, 1111 1111111111 nach 11111111 111 1111-

111111111111111111 1111, 3111111111, 111 81111111111111111111, in
1111111113111 111111· 8111111, 1111111111 11111111111111. 1111
1111111111111 111 1111111 11111 1111111113 1111111111111111111
1111111111.

Am Erehtag, 8111118111111111111111), 111 herr 81111111 111
11111111, 1111111111 111 111111111111111111111111110111111111, 11
11111111 111111 1111111111 (11111111 8111111111) 111Ρ11111111,
111111111111111111 1111111111] 11 11111 1111 11111 1111111
’11111111111111111111 in 111 (1111111111 „Es 11111111111 111
1111111111111 Eur 1111111111111111, 1111111111 11111 1111111 111111
1111111111. 11111 111 11111111, 11111 1111111111 wider 111111111111.
81 11 1111 111 111 1111 1111111· 11111111, 111111111111111111111
1111 11 111 11111111111111111111111111 3111111· 1111111111

· geredt: ,11111111 1111111111 111 11111111, 111 111 111 11111111,

1111111111 11111111111111 1111 111 1111111111111 1111111·
ley, 111 111111, 1111 11111111 111 111111111111 1111111, 1111111
1111111111· 111.

’ 81 daun die 11111111 1111111111111111, 11111111111111111

111111111311111111111111111111111111111111111111,(ΒΙ.207“.]

¹) 11111111.

 

