1111. 1119

. 1111111 11111 Sigmund 1111111111111111111 111111 1111111111
(1111111111, 111111131111111111111111111131111111, mit gelubd
1111111111, 1111111111 111 111111111111111111111111111111111111

, wellen, 11111 1111 1111 111 1111111111, 111111111111(Β1.1113’.)

8131111111111. 1111111111 sy 1111 11111 mit 1111111111 1111111
11111111 1111 1113111111, 11111 11111111 111111111111111111111 111111-
terung 11111111νί1 daun 1111111111 1111111, 111111 111 11111111

1111111, 11111111111111113111111111111111111111 3111111111 geben,
11111111 11111111 “

11111Ιί11 1111111 111· 1111111111 1111311131 11111111
also:

Item 11111111, 1111111 11111 1111111111 111111111111, 111
wir 111111111111 1111 1111111111 1111111 1111111111111111
geben.

11111 wie 1111 1111 11111111 11111111 1111111111 1111111 1111 im

81111111

11111 11 11111 11111111 3111111311,1111111111111111111
. 1111111, 1111111 11111 1111311, 1111 11 man 1111 1111 1111111 111-
111 11111111 1111311111 welle?

11111 11111111 111-111111111111 11111 111111111111 11111111 11
11111111, 1111 1111111111 (111. 104⁰.) 111111, 111 11111 wir 111111
11111 11111111, 11111 11 1111111111111111, 11111· 1118111111 11111111,
11111111111111 111111, 11 11111111111, 1111111 1111111 111. was 1111
11111 1111 111111 111111 1111 11131111111111111111111111

Wir haben 1111111111· 111 11111111, 111111 111 1111 1111111
11111111 1111111 1111111, 111111 111 11111111 1111111111 11111111
111111.

11111 111111 1111 11111 111111, mit wieuil Ρ1111111 wir 1111111
1111111. 111111111111 1111 1113111111, 1111111111111111111111
1113111111. , ’

Item 111 man 1111 gebo, 1111111111111111111111111111111;
11111 1111111111 1131111111 11111 111 0111111.

11111 1111 1111 111111111111111· 1111111111 11111 111111, 1111
1111111111 1111111111, 111 111 11111111 1131111111 111111, wie
1111111111 daun 1111111111 noll? .

 

