00003 v. 810110010, 81001. v. 11100.
412.

00 0 03 8011000103, 8100101000 rinf-
kirchen. 404. 411.

00003, Probat 0. S. 00001100. 30.

0 00 03 11. Probat v. 11.-1001003. 408.

00003 111. 01111 v. 1111001011. 61.

00003 d. Fromme, 11131. 0. 01000001.
359.

0 0003, 11000030. 001000. 10. 11.

00003, 11αο13001 000 80001001003.
408. 411.

00003 100 1101010, 11000. νζ 8001000.
292. 299. 314. 452.

00003, 1001001001εο 10100. 123.

0000300 8. 321. 401.

0000300 8., 100 110100100497.

00003 00 8., 00003 Rumor 100. 407.

00000. 315.

000100. 10001 = 10011. 186. 189.

Germano, Srn·. 222.

0000110. 129.

0000110001, 11000 000. 403.

0000 0 0. 219.

0000110, 11000 401. 0001 000. 391.

Goyman, Ηο00 10000, 1001001100
1008. 000030-001000. 164. 237. 245.

00 yr, 00. Simon. 232.

0110, 11000 11100011. 93.

Giezin. 108.

010100. 378. 830.

0100300, Kosmas. 365.

011300 S. 401.

01000, 0000. Petrus. 275.

01000, 100000 001110. 80.

G 1010. 279.

010101001. 301.’

01010110. 341.

01030100 0, Βο1110000,11001000.143.
141. 148. 150. 103.

01100103, Basilius. 273.
0110013, 111010οΙ. 112.
“ 0101000--11101000 310. 313.

010300. 206. 374. 390.
010330110. 337.

000101. 311. 312.

000 00100. 81. 400- 401.

00010111011.

01110001001.162.280.

0130010300. 106. 247.

0100. 76. 487.

0000, 81011. 72. 73. 77. 426.

0000, 1100010000000100 100. 247.

0010001001, v.U.W.w.‚Burg.55.

003311001. 318.

001 1, 10001001. 13.

0011001011. 64.

00000110. 375.

000 0030, 1100110001 Herzog 0. 832.

0000030, Friedrich. 205.

0000, 8011000. 94.

000011οπ00000.1.1100101202.

00010, Andreas 01. 00. 330. 370.

000100, 11000 Lucas 0001 zu. 292.

00001030120.

0000100, 0. 000100.

0001010. 280. 287.

00001000100. 324.

000100. 98.

0 00110010 -- 00001000100. 324.

0011100101003 8.,1010100. 330.

0011000. 95.

00011000. 434.

00011001 000 110001. 75. 76.

0001000,.10100000, 10011000. 17.

0010. 21. 22. 26. 76. 79. 146156.
157. 249. 250. 263. 300. 301. 318.
337. 413. 414. .

0001, der. 442.

0001, 110100110000. 243.

000100100310001000.100.

0001001001. 301.

00010003300. 41.

0001001101 10 Τ11010300. 88. 264.

000100000100, Her-r wolfgang.
1020.

0000. 281. 282. 284. 201. 331. 336.
338. 510. 510.

Gran, Erzb. Thomas. 404. 406. 407.

00 00, 110. 386. 389.

35⁰

 

