848

8111111111, 1110111111, 8118. 1.
808. 513.
81111111, Dr. Jnh.. 118111. Schola·

1111. 312.

81111111, 1111111111111. 307.
81111111, 11111111 1111111111 81. 73.
11. ’

811111, 811, 1118111111111. 51.

81 ng 11 11111111, 111, 811111. 111111·
11181500. ’

811 gor Tnyingnr vnn Knmnubnrg,
Probat v· S. 01111111 in Wien. 19.
24. 80.

811 gor 111 1111111. 482.

811111111111, 11111118, 81111. vnn
Τ1111. 459.

81111. 4. 5. 38. 200. 317.

8111111111. 318.

81111111. 408.

8111111, 8111111811181111, 11111-
1111 8. ned. 28.

81111111,1)1. 11111111. 498. 580.

811111111111. 01. -

811111111118. 514.

811111. 449.

811111. 131. 277. 288. 287.

81111113. 28.

811811. 112114. 131. 275. 278.
277. 288. 287.

81111, 1411111. 12.

81111-1111111111. 118.

81111-17111111111. 108.

81111111. 291.

81111 1. Wein. 99. 283.

8111111111111. 24.

8181118111, 1111111 111111111143.
144. 147148. 151-159.

8111111111, 811 1. 508. 507.
589.

8111, 11111111 01. 8.

811111. 54. 300.

8811, 08111111111111. 104.

8111111113. 108.

88111111. 388.

811111111344.

811111111, 81111111, 1111111111
1111111111. 402.

811111111, 1111111111 811111811
403.

8111811111, 8111111. 445.

811811, 11111111 Georg. 43. 48

8111811, 811, 111 weingarten 11
31111118111. 50.

81111118111. 280. 388.

8111, 01111111111. 70.

8111, nisenus 1111111111 lang. 84.
139. 408. 407.

81111111, wolfgang. 402.

111111. 279.

1111111. 283.

111111 11111, 811. 478.

11181111 Vl„ 211111. 224.

11111, 1118111. 132.

11111, 811. 90.

1111181111 90.

111 g. 81. 81111118 111. 228. 228. 233.
234. 238. 237. 238. 240.

11111111 111 1111111111. 103.

11131111 1111111111. 108.

1111111111, 8111118448

1113111111,11111111, ron 81111
473.

111111111118.

1111111111,1.11111111ς.

11111111118198.

111111111181, 811011111181111111
89.

11111 1111111111. 132. 443. 506. 518

111111 1. 8. 81111. 88. 89. 284.

1111111181401.

1111111111, 1. 1111111111.

1111111111, 81181. 98. 97.

1111, 8111111111811. 500.

1111, 11111111 434.

1111, 0181311118. 497. 498. 500.

,1111311811 011, 111“, im 111111
Werd 11 18111. 31.

81111113111111111111111.Ζ11108-

1111111111, 11111111. 199. 213. 710

1111111111. 98.

 

