166666661. 1636. 317.

661

²· 66666661616, 81666.1“6.6.,6666 ileyner‚Sirphan.7.
666161. 11.

66666661616, 6666 81661661, 661 6166666666Ρ6666166166 666661.

166666 666166 6. 6666166666, Er·

611.

666666 1616666616666661661. 319. hildesheim, 11166661 166. w. 98.
66666661616,81666661610666· hildesheim, 8611. 08.

616666666611616. 323.

66666661616, Signi. 6., 6616 1661.
6616666336.

66666661616,8136. 666166161-
hrbungron 666666666666601666166.
338.

66666161616, Signi. 6., 16166666
1. 6616666666666616166666666666.
312.

66666661616,81666.ν.,161661666-
6616 6666166 361, 362, 611161 um
Enihehung 301, 6161 66611666·
0666616616 363,666611(1666116-1166-
666666663. 366.

66666661616, 8161666116. 6., 6666
66166. 370.

66666661616, Sigm. 6661666666,
06666166166161661. 11661316 116166-
6166 r. Polrh. 396.

66666661616, wilhelm von. 69. 80.
262.

66666661616, 66661116, 816616666-
666666. 293.

666661, christoph. 198.

666661, 1116666666. 112.

6666666, 66663.

666666 V„ 11166661 v. 6616 626.

666661. 387.

666666661. 311. 313.

6661666166111, 66666. 113. 160.

666663666663. 61.

666166, 166666 0116161 Woisg. 13.

6666, 66666, 6663666166. 261.

666666162.

666666, Philipp 1. Landgraf v. 368.
191. 601. 623. 626. 626. 627. 628.
633.

6666661616. 326.

666611, 666666 r. Wirn. 12.

6111666616,6666666160666666661.

89.

,6166666166 im,“ 6161666666166

8666666666. 106.
616166666610.

61666666. 311. 313.

6666 - 6661666666 8. 66666·
61666663.

66666161166 6. 1. 06666. 87.

66666-111666666106.

66666. 106117. '

666661611, 6616166 666232.

661 zi, 11166166. 163.

661161, Dr. 1661. 166.

661. 286. 291. 371. 378. 390.

1161 6.1. 86616. 09. 100.

66166, 66666. 217.

66166666 zu 1166666661, 116666. 113.
111.117.118. 161. 186. 192. 210.
216. 218. 311.

1166 666616, 11666 81111666 666169.

666661611, 6666 11616166 von. 163.

6666666666, 66166. Grai v. 168.

661666666666161. 661166666666.

6616666663, V. 0. W. W. 23. 61.

661666 gg, Elisabeth 6. 6666 66666
66609.

6611666666. 262. 309.

661166666666.13. ·“

661166666666,11611ς663.6.

66116666666616, Domina. 3. 10.

6611661. 187. 601.

66161616. 91. 97.

66161616, 666666 Friedrich. 97.

66161616. 96. 6666666. 96.

6666107.

6666, 06. 66116666. 117. 166.

666166, 8166161666. 376.

6666666616ςτ-66616666616ς.310.

 

