874

81110100, 81001018100100100. 308.

81110001, ’100100110 J. Τ1011010. 80.

8110101, 8111001 100 11100. 42.

80100. 284.

8101011000. 110.

81010110 = 11011000 310.

8100 = 801100. 313. 318.

810110010, 00010100, 11100101 100
11100. 412.

8101000. 390.

81010110. 318.

81 onim. 209.

801011001οο. 384.

810110101011100101. 278.

8010100001. 130. 270. 271. 278.

8000, 81000. 110.

8010001ἰο 11.

8010011, 1101110001. 288.

8011100100. 307. 309.

801010. 288. 287.

80110100 1., 11111. 1101001. 378. 478.
494. 801. 809. 810.

8011100011, 1101001. 284. 288. 289.
293. 330. 332. 333. 334. 338.

80111000-80000. 332.

80100. 209.

8001001010. 337.

800101 jn. 329.

8000101-10011100011. 98.

8001101000.1.11101. 108.

80011, 101 8010, .-. 000000. 172.
434.

80011, 1100 Persarum. 478.

8010111, 81010. 118.

8000, 101100. 387.

801011. 118.

800101001ΞΖο11101001. 324.

8000, 80101101,0οΡ10001010, 100000
001110. 44.

8000100. 148. 489. 491. 494. 813.
830.

8000100, 110010101010000 10οἱ 188.

8001, 11011 01011101. 493.

80001, 01001100. 483. 823.

80001010. 173. 223.

800101 ..... 010 0010000001. 111.

80000011,101. 312.

800001. 247. 249. 280. 477. 513
818. 818. 823.

800001, Ρ111100.3100101 100. m

80100101110. 10.

80111010100. 173. 223.

8010010, 0101 0010011. 182.

8010010, 801001100. 484. 488. 487.
481. 488. 471. 473. 478.

801101. 318

- 80110. 299.

80010100,.1010. 273.

8010001010, der. 288.

80010, 111000. 288.

810010. 294.

810010,Τ1001010010 00. 80.

81010, 81011 97.

8101101. 11. 14.

8101101, 80101011. 143.

811101, Dr. 001110100100. 38. 88.
399. 400.

8111010011, 11010101 ulrich. 50.
81.

Ι 81010, 1110111011, 1110100101 Gesand-

101. 311.

81010001. 318. 448.

8101000100, 110101011101110. 4148
84. 80. 180.

8101111101, 001010. 488. 497. 438
800.

810000101011. 22.

810100, 80101011 1., 1111 100 444.

8100101000 1., 11100101 zu 01101110.
304.

81011001010,111000,11011 100178.
184. 193. 202. 203. 208.

81011,200010010101. 281.

&ary-Giezin. 108.

810010111, 81011. 98.

81001100 1011111001010. 100108.

81001100,11011100. 493.

81001100, 1110100011110100. 88.

8100001, 81010001. 243. 281.

810101, 81011. 249. 290. 447. 488.

 

