1111-(111 441

11111111 1111111111. Sy 111111 1111111111111111111111111111οωί-
111111 111111111111 111111111111 Errnd 1111, rnddapey 11111111, 111
11 1111 111 (1111111111 111 11 11111111 gernere, pessert 1111 Nymandt
111 111 11111311 31111111. 1111 111 men 3111111111131111111111
11111111. 11 1111111111 nye 311111, 111 11111111111111111. Naeh
Vellendung disee Reiehstegs 1111 11111111. 1111111111111111111111 111111.
11111311 Insprugg 111. 1111 11 Insprugg nit wel empsengen, 111
111111 111 1111111. 111111 11111111 ,1111111111 111. 111111
lnsprugg gelegm, 111 etwas 11 111 11111111111111131111111311111
schuldig was worden, die 111 11 111. dem [11111111111111111111
bezallen 1111, [111 111111111111111111, 111 111111111111111111 111
1111111111 31111111111111111 gelt zu 1111111111 11 3111111111 31111111,
111 11111 11 111111111 111111 wenig wieeenden 111 wel muglieh 111,
(111. 15⁸.) 111111 111 111111 was den 1111111 111111 111 11111111 11
lneprugg 11111111, 111111 111 11111. 111. 1111111111111111111, 111
11 were 1111111111 11111111 111 benuegt. Darumhen 1111111 111
11111111 111 wirt zu lneprugg 111 11111111 1111111111 mit 111111
1111111111, 1111111111 111 11111111 111111111111111. 111111 111
11111. 111. 111 311111111111111 1111111111 111 1111111111, 1111 111 111

1111111111 1111111113, 111 1111111111 1111 11111111. 1111111111111
11111111111311111, 111 111111111111Μ1. 11 1111111111 111111111-
berg 111 11 1111. 1111111111111111111111111131111 sein 11111111. 111
111111 11111 pies gen Wele. 1111 111111111111111. 111111111111
1111, 111111111111111111111 11 111. 111 mer 1111111111, 11111111111111
111111111. Ν11111111 111111 111 11111 11111111111111111111111111,

111 11111 1111 11111111 1111111111 111111111111111111111111 111 11111111-
Ν111111111111111, 111111 111111 111 Neunundsunstzigisten Jar. Werd
1111111 zu der Ν1111111 11 osterreich hegrebn. Get well 11111111-
1111111111 11111111113111111 (11111111 111111 1111

111111 111111111111 111111 1111 1111111, 1111111111 gewesen.
sich aller 1111111111 lugent geyebet 11 111111 «lugent, 111 11111 krieg
11111111,(ΒΙ.16“.)11111111111111111111111, 1111111 1111111111 ,
1111111111 111 11131111, 1111111111111111113111111111111111. Pey
der 111 1111311111 11111111 Kaye. Mt. 11111 111, Kunig Phillips 111
0111111111, Hertzog 11 11111111 111111, 1111111111111, 11111 1111111111.
11111111 1111111111111111 111 11 111. 11111111111311111. 1111
1131111111 111 1111 111111111 gned 1111 111 1111 gehebt zu gejaid.
1111 111 pald 1111 ertzhertzeg sigmund 111 1111111111111111111111

 

