1111. 525

1 11111111 11111 (1111111111131, 111 11111113 des 1545ιω 13111,
11111111 11111111111.1111 (1111111 (111 1111111 111111 111 11111111
1111111, 111111 311 sach 1111. Miller zeit 11111111 111111111110111111
, mit grossem pracht 1111, 11111 113111111111 gen Triennt. 1111 1111111
, 111111111111111 1145 11 (1111111111. Waz Nun 1111 dem Reiehstag
3 111111 1111 dem concili wurdt, 1111111111111111111111. 11 Hungern
111 1111 111 11111 11111111113111 111111111111111111.
Nun 1111 111111, was Nun daz 154511111111111 1111111111 ν
1111111111 wurdt! 1111 concili 111111111111111111 1111111111 Car-
1111111111 11 40 111111111111 11111111 1111111111111111111111111
111111 11111111 than. 11111111 1511. 111111 1546.111111111 11111111111
mugen. 1111 1547. 111 11111111111111111 Β1111111111111111111111111
111 1111111111 Boloni 11111111111111111 1111111111 11111111 1111 Ispa·
nien 111111 11111 1111111 11111111111 1111111111111111111111111. 1111
111111 concili 111 1111111111 1111111311, 11111· 11 1111111111111-
1111111111111111111111111. 111.,111(1111 1111Κ111118111 wider gebesen‚
ist 1111111111111111111111111 vil Ergernuss pracht. 11111111 1545ωιι
1111111111111111 11111111 hermogen von 0111111111 111111 3111111-
11311, 11111 11111 11111111 11111111 1111111 1111111111111111111111111,

1111 111111 manin 111 11111111. 111 1111 111111111111 1111111ῆὶ111

1111111111,1111111111 111111111111111111111 geru vertragen gewesen. ¹
lm August 1111 1541ιω 11111 1111111 11111113 1111111111 111 111111- 111111

11111111 111 11111111 11131111.1111111111 11111 1111111111, 1111 111111

111111 111111111111111111111111 11111111111111111 1111111111. 11111

1111 sein 11111111 111 1111111111 11111, 111111 11 11111 11111111 11111111
1111111111. 1111111 1111 111111111111111 111 1111111, 11111111 111 1
11111111111111111, 111111111111111111 11111111 was, an 1111111111111111 ³
1111111111. 1111111311, 11111 1111111111 1111111111. [11111 111111111- 21. October. ¹
11111111 8111 (Bt. 81⁶.) 811111 11111111, 11111111 1111111 1111111111

11 1111111111 111111, 111111 1111111111 11111 111111111111111, (1111111111

1111111111 111 111111 111 111111111 vnnd 1111 1111111311 1111111111

111111 1111111. 11111111 1111111 bede 1111111, 111 11111113 811111 1111111111 ⁴
111111111181111111 11111 (1111111111111111 111111111111111111111 11111

1111 1111111111111111111,11111111111 1111111111, 1111111111 11111111 11 111

111111, 1111111111 die 1111 11111 golt, 11111 wart der 11111111 von 11111

auch 11 1111111 1111111111111111111, 111 1111111111 1111111, predicant,
111811111111111, 3111111111, 11111 1111111111, hat dem guetten 11111

1111111111 1111111111 111 111111, 1111 31111111.

 

