96100111011. 60.

903110, 110111. 396.

90111611 10 111111. 78.

90100, 9101111110. 961100.

90110100. 321.

9111111, 00013131.

901006011111. 326.

90100. 109. 289. 291. 181.

90100, 610110101,116013 1. 190.

90110, 11601310 8116110. 373. 377.

90100, 116013103001. 316. 376.

90100, Elisabeth, 11601310 v. 311.

90100, 111111310061018130100101.
368. ·

90100, 1111611110, 60011111. ’1606101
8136100010 1. 100. 376.

90110. 81310001 1. 100. 169. 267.
270. 271. 278. 316. 326. 336. 361.
369.

90100, 0131001101 Π. 100. 366. 369.
370. 371. 376. 377. 390. 392.

90110, 11. 0111101101 100. 399.

90161101, 6011101112.

901 heim, 11011100. 399.

90160101, 11011 1116111 100. 113.
160. 306.

90161110, 11011 11111111 100. 111.

90110. 262.

90100. 279.

901061111. 326326.

901001. 111116.

9010011,Βο06. 116. ’

9010100111100118.

901001111. 131. 321.

90101110139.

9010111101. 327.

900101101. 172.

90011661. 172.

901100601311, 111. 232.

90106011.116.

· 901110001173136.

911316, 81111101 10111110. 92.
90101001 = 11001110. 326. 326.

90101001, 6111110. 221.
90110011. 173.

667

90110311, 1111100011 1.,116013 1. 197.
90110301, 116οἱ3 1061110111. 1. 633.
9101101111, 11011110. 378.
9010 0. 291. 292. 293. 378.
90000, 66061110610000 100. 292.
91100, 910611 10610000 1. 101.
90010, 111111. 61. 000111010101110.
376. .

900010 00 11100111131110. 267.

900100οε3011010.221.

9001101. 16.

9010061111101013160. ·

90110061000, Dr. 11011010 100,
9100110101 1. 0061111111. 12.

9011001011,1100110010.33.12.17.

9011101011, 0611010116 100, 100000
91111011.

90110001010 10 1111010. 100.

9011101101001,1111300110,Κί10600·
11111101911111111060 10 1910001- ·
1101101111 66.

9113. 266. 262. 263. 279. 306. 306.
307. 308. 309. 310. 313. 316. 321.
361. 362. 361. 368.

9111110107.

91101001, 1110111100. 266. 279.

9100111001, 11011 910113, 110111-
meister 100 st. 000131-011000. 337.

9111101100 81. 6110611116013. 170.
171. ·

9111100110. 291.

9100031129.

910311100. 107.

91030111 1011101000οο, 0. 8103000.

910111. 112. 287.

91011001110600. 329.

91001111, 6100601 90111. 113.

9100101, 1111100109. Ι

9100011, 01. 00013. 103.

91101,1111101106, 91101101. 1103110.
111. 90131. 323.

910110. 311.

910006111.

91000 6 013. 6. 11. 72.226.267. 282.
296. 298. 299. 300. 301. 316. 321.

 

