188 33334333.

φ 3333331333333. Η131313331333133 311331 3133 ¹) Khorn hausen

1532. 11. 113333.

11. August.

3333333331 1333 Ρ1331 33333331 3133 33313 13313313 Kreutzer. Die
113313 zum maisin 1311 waren 1333131331 1133333. ’

13 133 weil 33331 wider 313 11313131333331133333333333133113
13311333. 111. 3333331131 3331131133. 1113313111. noch 3331333333

auss. 13111. 13313333133131133311331 3311331131313133 331 1333 ’

Menai (Bt. 54⁸.) 33 1333333333. Ν3 1133331331131313133 33331131.

Der Reiehstag 131 zu 1133333133 33311331 11. augusti 1532
31113331133333 worden: 1333 313 113 3111331133 131113331131313,
1113313 33131311, nu 3313313131 33331333133333333111 331 311 331
133 1131313133113333331133, 3331 3131 Kayser 11331 133 31333
13331313133313 3313331131333 3333133333 131133331133 sy 3133 13
1333131133133133 333133313333 333113, 3331 1331133 Kayser 31133
133 3333333333 33313113, 8311311133 113 33111333 3333311133 811331
von 3313313131 3311333111333 113333133333311333313313131131
von 13 Mt. zewissen: ‘nh sy 3131 1131333 3133 13113333 zu 1333 Kays.
11., 133 Lutterisehen 333133 131133, zu 33333133 131133 'i‘ 1133 313
3311311333 133 11313133 Nost 133 13111311331331 33131 3331131131
1333131131, 31133131 goti wunderpariieh‚ 33 3113 333133111313
11333311 13 3331 3311331133133 1333 Kayser, 313 31333311131331-
331333 Kayser, 1311 133 1133333133 3313313133 vnn den 31133133 133
1131313 3133311131 33113 zu anthuni gehen 11333 ί1133333113333333

’ 33313 3133 333, 13 3333333 3313311131113 113 33113313 13331, mitten

333133 3313 13131 113333, 331 1131 311 3331333333 331333 33331313
3331 3113311313133111311, 3331 3113333333 3313133 13 Walisehen 1331
1311 3333311. 1331313133333113 133 131113 1131313133 1311333333
1313333, 13 3331 1311 3333131133. Vnd 313 311333133111313331
3331131 wir, 33 weit 13 Μ1. 1311 333133. 3331 3131 3311333313333
133333 33133. Soli sich 3331 113313111311313111311313131311133
31333 3113313133 1311333 [3131] 3133311133333133. Vnnd 133
33133131331133333333133333133133 133 13313133 3131 ainen Kaisar
133 1333333 33331, 311 3333333 113311333131131, 3331 zieh 13 133
Vnger Lannd, 13 11333333, 331 3313333131 3333313133, 331 1333331 alie
teutsche 13333133 vherziehn. We dan 1133111331 133131113331131313
1333 Mt. 1111, peystannd 331 313313331333 Seumig sein 3331133,
Se 313 333133, 1331333 1333113 3313 13331133 33331133 333113

¹) So 3131 313313131133 Wiener 1131333. 83133133 11112.

 

