1111111111 11111111, das. 11111 J.
Τ111111111 11111. 43.

111111111111111111. 237. 245.

11111111111,1111111111. 245. '

weissenburg, 1111111.-, 1. 81111111.

weissenburg 1111811111, 11111111.
108. 111 11581111 106.

11111111111111111111111. 88100.

1111111111ῌ111111111111. 146.

11111111111811, Dr.. 1111. 11111111.
257.

1111111111111110111111111. 88.

11111111111111. 108. 131. 283.
283. 327. 341. 344.

1111111111, 11111111 von. 333.

11111111. 61.

11111. 136. 141. 411. 441.

11111, 11111111 1111111111, 1111111811.
38.

1111111111. 500.

11111111, 11111 111111, 111 11111111.
307.

1111111, 11111 1111111111. 143.

11111111, 11111 8111111111. 183.

11111111,1111. 163.

11111111, 11111 wilhelm, 1111111111
zu 111111. 70.

1111111, (1111111. 313.

111111 = 611111. 310.

11111111, (111 811111. 30.

11111, (111 111111. 4.

1111111,811(1111118111111. 07.

1111111,81111.37.

11111111115111111111. 311.

1111111. 132268.

11111111. 311.

1111111111,.11111111. 13.

⁴ 11111111111, 31111111 1., 01. und

1111111111 011111. 1111111111. 311.
111111,(111. 37.
11111111118111111. 140.
111111. 114.

11111111. 283.
11111111,11111. 108
11111111111111,1111181111.148.

581

11111111111111. 506.

1111111111. 123.

11111111. 130. 272.

1116111111,111.Β111111. 231. 483. 438.
500. ·

wind, Hermann, 0111 111, 81111111.
11111. 525.

11111. 816. 18. 20. 21. 22. 23. 28.
23. 32. 33. 34. 30. 44. 47. 48. 50.
53. 54. 57. 60. 61. 63. 70. 83. 104.
132133. 134. 141. 235. 250. 257.
263. 264. 265. 266. 280. 281. 283.
284. 285. 283. 230. 231. 233. 204.
205. 238. 233. 302. 305. 307. 303.
315. 316. 317. 316. 321. 322. 323.
328. 323. 331. 337. 340. 342. 344.
360. 361. 364. 368. 374. 378. 385.
383. 330. 333. 334. 335. 333. 400.
402. 404. 405. 408. 407. 408. 400.
411. 412. 413. 414. 415. 418. 450.
457. 453. 468. 485. 483. 401. 435.
500. 505. 503. 510. 511. 515.

wi 11, Burg. 34. 53. 415.

wion, 1111111, 01111111. 33.

11111, 1111111, 111111111111111. 402. ’

wien, 1111111111111111111111. 12. 36.
11111, 1111111, 1111111111 Line. 15.
11111, 11111111,11111111111. 64.
11111, 1111111,Ρ1111111. 34.
11111, 11111111, 81. [11111111. 52.
11111,11111111, 81. Hieronymus. 55.
11111, 11111111, 81. 1111111. 52.
11111, 11111111, 81. 11111111. 4. 415.
11111,111111111,81. 11111111. 415.
wien, 11111111111111111111111. 52.
11111, 11111111, 81 3111111. 45.
11111, 11111111,81.Ρ111111118111152.
wi 11, 11111111, 8111111. 52.
11111, 11111111, 81 8111111111 und
1111111. 52.
11111,11111111, 8111811111111. 52.
11111, 1111111818111111. 5. 13. 14.
21. 23. 24. 36. 37. 33. 42. 52. 54.
71. 104140. 406. 411.

 

