1140

11111111113, 1111311111. 493.

11111111113, 1111311111. 463.

11111111111,11111111111. 341.

1111111. 72. 149. 420. 428. 434. 435.
439. 458. 490. 514.

1111113, 011111111 dee 1111. 400.

1111111131118111111. 100.

· Friedrich 111., 11111111. 13. 20. 21.
22. 20. 28. 29. 31. 32. 34. 37. 41.
42. 43. 44. 45. 59. 60. 194. 281.
421. 422.

Friedrich dcr Wciee 1118111111,
0111111111. 87. 89. 99.

Friedrich 1., 111 011111111131,
0111111111 Sechscn. 452. 480.

Friedrich ii. 1111111111 1. d. 11111.
219. 224. 225. 359. 500.

Friedrich, 1111113111 0111111111 97.

111111111. 98. 300.

11111111. 318.

Fri 11111, 1111131111. 111111. Tenn-
11111111. 103.

11111111, 111311, 81111. 1. 1111111.
400.

111111, Dori. 102.

11111111, 11111111 8131111111. 4. 14.
38. 52.

11111, 0111111111 111. 500. 11131.
1111.

Fu 111, 11111 0111111311, Rider 11111
8111111. 498. 500. 514.

1111311, 0113111111. 509.

1111111111111, 11111111 ron. 341.

11111 k i 111111, 8111111 8131111111.
54.

101111111111, 01113 8111111111
81111. v. 404. 411.

11111111113. 105.

1111111111 113, 0111 Friedrich 1111.
495.

11111111. 84. 100. 102. 104.
113311,111. 205.
1113311 11111111. 180.

1113311, 11111 111111. 412. 403. 475.
111111111341.

11111,111111.94.

Fur, 111110111111111. 450. 409. m
11131. 111111.

Fux, 11111 Therme 412.

1111111311, Dr. 111. 403.

0111111, 8111111 ron 1111111ἱά184.

01111. 189. 482.

01111, 1111111 111. 498.

0111111111, 1111111.172.4721ῖ1. ’
470. 477. 478.

011111. 327.

01111, 0111111111 zu 111.-1111111113. 14.

0111111, 8. 203.

011111111111111. 107.

(irrep, 01. 1111111257.

0111311111. 190.

01111111 ren 1111111111. 473. 474

01111-811. 223. 439. 473.

0111311111,111111.180.

0111111111, 9111111111 197. 204.
200. 207. 208

0111 11, Certe de. 8. 011111.

011111, laques deLuxemhourg Ccrir
de, 8111111111111111. 224.

011 = 01111111. 378. 390.

0111111 ren 3111133111, 11111111
453.

0111, 01111111111111. Friedrich 111
29. 1111310111.

0111111311. 190. 249.

01111111, 81111. 510. 517. 525.

0111111111. 310. 311. 312.

01111111. 72172.

0111111111. 258.

01111111, 111111. 222.

01111. 45. 250. 255. 414.

011111222483. 491. 530.

01113, 11111111, 11111111111111.
332.

01113111 8111111111, 8111111 111
1111111. 358.

01113 ven 11111111, 81111. 1. 'lh-icch
400431.

011131. 1. 01111111111, 1111111111.
8111111. 480. 490. 497. 498 499.

 

