126 1111.

11111111. Das 111111111111111111111111111111. 1111111111111111
wir 1111111111 111111 111111. 1111 11111 111, 111111111111111111
11111111111 1111 111111, 1111111 11111111 1111111.

1111, 1111111111111111111, 111111111111111 May, 11111111, 111
1111 morgen mit dem 1111111 1111 111 111111. 1111 1111111111111111 ’
111 111111111111111 mit 11111111 1111111111 11111111, 11111111111
111 wasser die 1111111, 11111111Ρ11111111111111111111111, 111111
111 dem 11111111 11111111. 111111111111111111 1111111, 1111 111
1111111 11111111111. Der 1111 111 111111 1111111 ’1111111111
Ρ11111, 11111111 111 11111111111, 1111 1111111111111111
81111111 ,11111111 1111111111 111111111111111, 1111 1111 11111-
1111, 111 du 1111 mit 1111 1111111 111111, 1111 1111111 8111111
1111111111,11111111111111111111 11111111 (Βὶ. 55⁵.) 1111 11111111
11111111 11111 111111, 111 1111111111 11111111111111111111111
111111. 81111111· 1111111111 1111111 11 mich wider 111111111111
11111 1111111111111111, 11111 wir 1111111111 111 11111111 lust 111-
1111, 1111111111 11111111111 11111 11111111111 nemen 1111
1111111111.1 1111111111 11111 ,11111 1111111, 1111111111 1111 111111
11111, 1111111111111, 111111111110111111. Hie 111 1111 111111
1111 11Τ111111111 11111. 111111111181111111111. Die 1111 11111111
11111111 11111111. 11111 11111111 ,11111111 11111111 11111. 11111
11111111.“ Die 111111111111 1111 111 11111111111 11111111 111
1111 1111111 111111. 1111111111 111111111, 111 1111111 11111 1111-
1111 man 11111 11111 mit Ρ111111 111111 11111111. 111 was angestellt
da die 11111111 111111 1111111 111111. Es sein 11111118111111 ¹), 1111
111111111111 1111111 11111111 111 stat, 11 111 111 1111111111
11111111111111111111. 1111111 11 11111111 1111 111111111111111
1111111 (Bt. 56⁸.) 11111111111111.1)11 1111111111 118111111111,
11111111 11111 1111 1111111111111111111 1111111111111, 1111111

111111 111111111 Τ1111 11111111111,111111111111 28. Aprilis,
Zum 111111 11111111 23. 1111,
1111111111 11111111111111111111 111111111111120111111111. (Η.)

n-u--u-t—

1) 1111111111111111 811111 11111111. 8111111111 3, 315.

 

