213. 218. 217. 215. 218219. 258.
287. 281. 285. 278. 279. 281. 285.
289. 295. 382. 381. 311318. 318.
318. 319. 338. 319. 312. 381. 382.
383. 388. 388. 379. 371. 378. 381.
398. 392. 393. 395. 399113. 111.
119151. 158157153. 189. 183.
185188189. 173. 171. 178. 177.
178. 179. 181. 183. 1851187198.
191. 191. 198198. 589. 585. 598.
599. 519. 511. 513. 511. 515. 518.
518. 521. 821. 528. 839. 531. 531.
8118111118 11. 1811111111. 193. 188.
811811118 11. 1110111. 288.
811811118, 81111111. 1181131. 8111-
1111. 91. 93182.
8111811311 11111111. 532.
8111111, stadt. 78. 78.
8111111, Herzog 111. 178 179189.
185.
8111111, 11111131 111. 177.
8111111, 11111. 11111111 1. 177. 178.

8111111, 1111113 8111111111 1111
178.

8111113. 118.

8111111,.1111111 81 1111111113,
81111 81 Gauro 8111181. 221.

8111111111. 18.

81311111. 219. 228.

8111, 81111. 188.

8111111111 1111181111. 117.

8111111111. 179.

81111111, 8111111111. 111129.

81111111, 11111 81113111. 318. 112.
119. 189.

8111111111. 329. 385.

81111111. 381.

811111111295.

8111111, 81111. 279.

811111. 72 199.

81111113, 811. 89199.

81118111. 187. 591.

8111111111, 1111111. 281. 111.

81111111, 8111111111 11 81111. 83.

8111111113. 91. 88.

811111. vm.

515

8111111111, Philipp 111, 8111111111 ι

8111111. 299.

811111131111, 1111111. 398.

8111111. 179. 321.

811111111111, 81111111. 101.

81181. 188.

8111111εο1111111. 221.

8111111111. 88.

8111111111111111111111111811811·
111.’ 35.

8111111111111, 8111111113.

81111, 81111111 Alexander. 7.

8ο111111111,11111.189.

8111311111, 8111 8111111111. 285.
281131138.

8111311111, 8111 81111 111, 81111.
1. 11111111. 283. 292. 291. 381395.

8111111111111. 317.

8111111111 111. 29. 111. 115.

81111111111, [11111111. 183181.

8111111111. 513. 533.

Frank reich, Heinrich 11. 111. 528.

81111, 81111. 1. 81111111. 283. 292.
281. 391. 305.

81111 1.,1181131. 8111111111. 181.
197. 285. 388. 139115. 158181.
187. 189. 178. 175. 178. 182. 183.
185191. 192. 193. 191195198.
581. 592. 593. 581. 511. 513. 515.
518. 517. 518. 519. 521. 523521.
528.

8111111118192. 183.

8111111113 = 81111111113. 318.
313.

Freiburg 111 81111311. 195.

811111111311111, 11111111. 89.

8111111311.198.219.

8111111811. 199. 131. 282. 288. 291.
295. 323. 321. 327. 311. 311. 381.
388382.

8111111111 von 81111. 171. 173.

81118111111, 1111111111. 311.

81111811113, 11111 (11113 von.
118132133. 131. 151. 188. 188.
189177. 178. 188183.

35

 

