550

111111111111, 11111 81111111 1., 111111111111,8111111111.,111111
1111111. 79. 6111111123.
111111111111, 81111111111111111. 111111111111,81111.1..11111111111
[11111111. 71. 132.
111111111111,81111. 111, 11111111- 111111111111,81311. 1., meh 11-
111111111111. 75. gem. 133.
111111111111, Sigm. 111, 1111111· 111111111111,81111. 111, (1111111-
11111111. 78. 1111111. d. 11111. 1. salzburg. 1118.
111111111111, 813111111111 111· 136. 137.
1111. 79. 80. 111111111111, 81111 1.,11 11111111.
111111111111, 8131. 1., zum 1111111 136. 31111111 1111111.
1111111111. 81. 111111111111, 811111, 1111111111·
111111111111, 813111, 11111 11 Hof- 1111111111111111111, 11111111. 131
(1111111. 8182. 111111111111,11111 Sigan von. 111
111111111111, 81111. 1., nach 8111· 111111. 11111111. 110. 115. 117.
burg. 83. 81. 11111 1111111, Sigm. 1., 1111111111
111111111111, 8111111111.,1111111. 1. d. Gesandtschast nach 8111111.
83. 111. Anhang 11111. 136.
31111111111,8131111111111111 111111111111, 1111181311. 1, stei-
1111111111 81, zu Augsburg und 1111111111. 1111111111. 163.
1111111. 81. Η1111111111, Sigm. 1, anch Ungen
111111111111, 811111, 1111 Ε111· 226.1.111.-111111111111111111.2211
111111. 81. 111111111111, 811111. 1., 1111111111
111111111111, Sigm. v.‚ 11 Laude· 11 den wionem. 239.
, 11181, zu 1111111111 86, 1111111· 111111111111,81111.1., 111111 1111111·
burg. 83. 11111111-61111111-11111 217, 1111
111111111111, 81111111, 1111 mm 1111111111 11 8111112117.
81. 111111111111,81111.1“1.1.,1111111
111111111111, 81311111119111· 231.
11111181. 86. 111111111111, 81311.1.,11ἰ111111111-
111111111111,81111111111189. 1111111111. 263.
111111111111, 1111111111, 11111 111111111111,81111.1.,1111111111
(111 81111111. 101. Polou und 1111111111. 1126. 266.
111111111111, 811111111111111. 111111111111, Sigan 1.,111111 11111·
161. 1111. 268.
111111111111, 81111111 1., 111 dem 111111111111, Sigm. Fr. 111, nach
111111111111 wien. 1111. 161. 11111. 291.
111111111111,3ἰςι1.1111111111. 111111111111,81111. 1., 1111111111- ’
166. 1111. 293.

111111111111,81111. 111, (11111111- 111111111111, 1111111. 1., 1111· 7
111111 nach Polen und 1111111111 1111111111111. 295-298.
1116196. 111111111111,81111.11111.1.,1111 1
Η1111111111,61111. 1., 1111111111· 1111111. 298.
11111111111111111 11111111 1. 1111- 111111111111, 81311111, 11111 1
land 11111. 111. 1111 1111 1111111111. 392. 363.

1

 

