1581 111. .

weges 11111111 111 111111 1111111111 1111111111, 1111 11 11111111
111 111111111, 1111111 111111111111111 1111 1111 1111111 111111 1111
11111,(111. 102⁶.) 111111111111111111 111111111111111111 1111-
111 1111111111 1111.

So 11111 1111 111 01111111111111111 111111111 sein 111111.
1111111111111111111111 111111 1111 11111111111 11111111, 1111111
111111111111, 11111111 11111111111111 1111111, 11 11111111
sussen 111111 1111111111 1111 11111111 alles die 11111111111111811-
1111111111 Η11ι111111111111 snnnzaigen‚ flirnubringen 1111 11
11111111 111111.

111 11111111 11111111111 1111111111111111111 haben die
111111111111111 1111111111 111111111, 111111111111111.111.1111111
11111111. ’

Item 1111111111111 dieses 1111111111111 1111 1111 11 1111111

. 11111111111, 1111111111 1111111111 1111 1111111111111111111111

111111 11111111111111111111111 11111111, 11111 111 1111111111
(Bt. 1⁰2⁶.) 11111111111111111 111111111111111111111111 111-
111111.

’ 01 1111 111111111111111 1111 1111111111113111111111 111-
111, 11111111111 111111 ’111 1111111111.

1111 111 1111111111 11111 1111111 111111 1111 11111111111111,ι
’ 111 11111 Β11111111111111 111. 11111111 1111111 1111111111111111
1111111111 1111111111 111 11111111 11111111111.

Die obnngezeigten 1111111111 1111111 111111 11111111111111111
11111111 111111111111, 1111111111 1111111111 11111111111-
11111111 1111111111, 1111311111 11111 11111111111111111 1111 111
111111111111111111111, mit grundt 1111131111111111111111, 111
111111111111111111. ,

« (111. 103·.) 111111 8111111111 111111111111111 1111
, 111111111111111111111111111111 11111111.

1111 3111111111111111111111 811111 11111111 1111111131-
11111111 11111111311111111111111, 11 111111 111111111111 111111·
1111111, 11 111111111 11111111 1111111111111111111 111111111111
111111111111111 11111111 1111 1111111111111,111111111,11111111-
11111 11111 111 1111111111111111 111111 11111111111111111 in
gemnin 11111111 1111111111 11111, 1111 111 gestrenngen, Edlen,

 

