W

11111111, 1111111, 01111111-01111111· 11111111 1101101113 292

011111111111 wien. 402. 11111111. 383.

1111111111. 307. 1 1111111111. 207.
1111111. 270. 1111111311. 40.
1111111111, 0111 christoph 111 = 11111311111111311111300.

Gf. 0111111 1111131311. 434. 435. 11131111. 112. 131.

11111... 1111111111. 111. 11111111111311131. Rapitu-
1111111. 104. 109. 110131. 207. 111ρί111, 1111311111.

208209. 270. 278. 283. 280. 288. 111111111ε11111111. d· 0¹¹¹ss

289. 290. 294. 323. 324. 327. 341. 292.

3411. 300. 304. 305. 300. 392. 394. 1111111111, 111111. 243.

410. 111111, 1111111-11111. 498. 500.
111111, 31111111 Andreas 1. 392. 1111, ,11111311131111 1. 1111111111
11111111, 311111. 3111111111. 370. 372. 444.

375. 370377. 11111131, 11111 1111111. 470. 477.
11111111, 1111111111 soh. Gs. 111 Tar· 1111 1131111 = 0111311111. 173.

now. 372. 370. 377. 11113111201113111111. 223.
11111111. 108. 1111111111. 132. 140. 424.
11111111. 10. 1111111111. 383.

1111111, Gabriel. 409. 1111311113, 1111111111 111. 3
1113111112. 1111311113, 1111111. 337.
1111111111. 12. 11111311011111111· 11111. Fried-
11113111. 300131. 1111311111. 11111111. 21.

11113ρί11 a. d. 01111. 200. 1111111111, 1111111111. 391.
1111311111. 374. 1111131151311131133. 310.
1111311111, 1111119113. 111111111111. 12.

1111111111. 270. 1111111113, der. 443.
111111111113. 131. 1111111113. 279. 300.
11111111, 111111110111111311, Doe- 111111111, 0161131147.

11111. 11111. 5. 13. 131113, 8111111 1. 0111111111 102
11111111 1111 1111111111, 11111111 Lan. 28.

11113111. 5. 0. 11111111, 11111. 91. 92.

11111111. 22. 23. 55. 295. 299. 1110110111. 322.
1111108111. 11. 111111111101311111,111111.1.1111·
Kremsier. 295. 322. 324. 327. 341. 111. 411.

301300. 1111111111 1111111111. 389.
1111ρί11, Ain. 200. 1101111111,11111131.11131111.109.
1111311111. 374. 131. 1111ρί11. 110131-811. 117. J
Krepitza, 1111-. 200. 378. 11111111. 73. 79. 458
1111111113,Ρ11131111 1111131113. 03. 111111131111101111111111111104 μ
11111113. 113. 413.

111111111111. 10. 11111111, 1111111 8131111110 von Lam· y
1111111111, Dr. 1111111111. 30. 57. 1113. 434.

1111131111711111111, subcantor. 5. 1111111111. 18.

1111311111. 291. Lamnas. 131203. 320. 1

 

