560

1111111, 81111, 1111111111 811111.
304. 329.

1111111111 11 1111111. 72. 73. 75. 77.
247. 265.

1111111111, 1111111111ι’11.155.
198441.

111111 1. 1111111111. 441.

111111 11111111, 8111111111 1111111-
111111 l. 249. 281. 282. 414. 440.
529. 530.

11111 1, 8111111111111 1111 1111611111111.
516. 517.

111111, 1111111 11111. 111111 V. 360.
530. 534.

111111,’1’1111111Ρ111111’11181111111.
83. 450.

1111111111 1111111111. 102

111111116111.11.0.111.111.43.

1111111111. 298. 317.

Mai-ottingun 3113110111127.

1111111111. 467. 494. 513.

11111111, 1111111 11111111 11411111-
1111. 47.

Martinam, 11111111 01111. 332.
381. 383. 506. 507. 509. 530. 531.

1111111111. 193. 218.

11111, 8., 11111111. 31.

11111111111, 11111 1111111111 1. 420.

111 1 111 11, 3111111111. 373.

11111, die, = 111111111. 377. 378.

11111111, 1111111111. 442.

1111111111, 1111111111. 5.

11111111 011111. 4. 6. 10. 21: 27. 23.
31. 34. 36. 37. 39. 40. 42. 44. 46.
48. 52. 53. 384.

1111111111 hang, 31111111. 0111.
400. 407.

1111111111 hang, coadjutor 11111111-
111111111 salzburg. 136137.

1111111111 11111111). 1. salzburg.
442. 450. 454.

111111 11 11111, 81111111, 31111111 111
1111111. 370. 372. 375. 376. 377.

1111111. 318.

1111111111,11111111111162.

1111111, 1111111111. 438 433.

1111111111. 247.

11111111. 22. 23. 55.

111111111111111111311.84.131

11111111111. 238. 233.

maximinio 1.. 1111111. 2113031.
38. 44. 45. 53. 54. 55. 56. 61. 72.
73. 79. 82. 84. 85. 100. 101. 102
103123126. 132. 133. 136. 133.
140141. 175181. 134. 195136.
198. 210. 211. 216. 230. 257. 215.
281. 233. 363. 400. 401. 404. 405.
406. 407. 408. 403. 411. 412. 413.
421. 422. 428. 440. 445. 447. 451.
462.

11111111Ιί11 ss.. 11111111111611111
281. 530.

11111111111111 111ηεὶ111111. 191.
132. 193248. 447.

1111111111-111111. 332. 333331.
335.

1111111111-313. 333.

111111111113, 111111111111 90.

45 .
1111211111111, 11111. 11111111

mmmm, 11111. Heinrich 1111

111161111111. 30. 486.

Medi 1 ἰ, Η11111111111111 1.,1111111.
1111163111. 338.

11111111, 1111111111 480.

· Medi 1 1, Gurdinii Julius 1. 1711464

11161113, 11111111111. 44.
1111111. 113.

1111111111. 276.
1111111,11111-.323.

1111 1111111, 1111111111. 100.
1111111111, 1111. 172.
1111611111, 1111111 11111111 11. 54
1111111. 174. 433.

11111111, Hieronymus 1. 132 208.
11111, 532. 534.

11111, 3111111111. 106.

11111111. 8. 318.
111111111119.

 

