114 3333.

Τ3311313 namen (Bt. 20⁵.) 113113, 3331 hernach vil! 3331333 33311111, ’
331313113 113 1133333 mit 331333 3333131311 3131 gethan. 3331313331 ’
11131333 03313133311313 wider 3313133, 3331 333113333313 33-
33133333 131.
133 3311333133 13311113 3313 313 ’333 13331133133 3333313111.
133 133111 313 133331 3333131, 1333 33 83111313 333111 13 81313331,
33333333.(3.)113 133331, 133133 113333313333, 113 111131331131 133113131, 1131.
3333333. (3.) 1111 133313131131313 wind 3313333331 13 313313 8311333 1133331333
3313331 ¹). 1133 3331, 31313 1333311 133133 8311333, 3113 3331 13 133
8311333 Gora, 113131133131133 1133333, 13333111311333333131133·
333 1113 113 1113313 3333331311. 1133 3331 3331 13313 313313 831133,
8331333333113333331, 13 313333 Ζ13333 313133311133 3333133 313311,
3111133133 3331 Ρ31133 ²). 1133313133131333333113333. 8311 31333
33333333.)11331331331133 3313, 113 313133113 333133133. Des 33313331333
11313133 313 3133 333111 13 313 81313333331Ν331313111). 131 313
sona (Bt. 21¹¹.) 331133, 33313 8131, 3311 vil 11133133. 1313113313333331.
*⁰⁰¹1 11111) Von 133333 3133313 1333313, 3133 313111, 3333 1331333131, 313 Closter
effi? 8333111313333 03133 333113113 t). 11333 3133 333 13311 33113331
0011„ 5„ 1³·(H·) 3333 033333 ⁵), 131313 831133 3331 Stat. 113 333333 313 wider 33
13113113 8311113331 133333 3133 333111 333 81313331113113 133331 Fun. Haben
'iffi 3111 3113331133 31311331311 11133133 1333 mit 33333 3331 333333
ξ, ge· Niburg. 3333 11331333, 3138311333 33318131. 113 1311133 313 3133 33311. 131

3331313 131) 3311333 13 331331 man 1331333133 313 Horu, 133 3311313 1111333,
333 33

33. (n.)

33333318311333,1333 Teufel 3113311331 3331333313133. 11131

-ο

1313131331 331131* 83313 ,131 33113 313313311331 131313, 133
3333133313 33 nit“. (Η.)

...ιι-..ψη-..ι-...ι

¹) Woht wordingborg, 113 11333 waldeman, 333 3111131331 Uter 83313313.

²) D. 1. 33113133333113333133111333,113’3 1131311331, 331 3111333 113333-
1333333. „Uber 1133133 1. 333311113, 13333 31313 8313331133 1. e.1,20²; 1133
1311331. 1333313333 313313 1, 217. 11331 113 333 813313 131331313 11333
13 11133113. 1116 am 1131133311, 33 133333 11313 313 33113333 1333313333
31311333331111 33 33133131, ,3313113311

⁸) 113113131111331331, 333133311131333133113313331

⁴) 1313331333 1318133133.

5)1133313 33 133 8113331113 83313313, 1131333 331 133 13331 111333

333331133.

 

