m

1111111 novum, 1. i. 111 1111111111
am 1111111 1111111 1111129.

11111111, 6111111111 1’. 173. 125.
126. 121126. 132133.

111111, 8111111. 531.

111111, 111111. 106.

11111111, 8111111111. 163.

1111111ε11111111222.

1111111, 111 v. Nonberg. 150.

1111111111. 286.

1111111111. 92.

111111. 70196.

1111111111. 91.

1111111111, 11111111. 91.

1111111, 01111111. 177.

111111, 11111111, 1111111 111111
Τ1111111. 1.

1111111 1., 11111111 111 1111111,
111111111111. 392.

1111111, 3111111 111 9111111. 202.

1111111, 611111 1111011111. 126.

1111111, 111. 0111111. 155. 166. 506.

11111111. 11.

111111, 3111111111 011111 von. 99.
111111, 0111 1110111111111111111

111111. 53.

111111, 11111111111111111. 131.

1 11111, 61111111111 111. 100.

1111, 1111111111 und 11., Τ611111
81111111. 1. Ρ1111. 375.

1111, 311111111111111 1. v. 0111.
210113.

1111, 0111. 111111. v. 0111. 261.
279. 281. 282. 318. 311. 308. 381.
110. 155159163178. 505. 528.

1111, 61111 1111111111111. 58. 59.
198122.

1111 1111111, 011111111161111111-
111111 11. 11111. 72.

1111111171.

1111111, 1111111111011111111111192.

1111111511

1111111111. 289.

11111111, 8111111. 95.

1111111111,11111111111.81.

1111111111, 111111111111513.

1111111111, Laurentius ιι. 1111111
1111111. 5.

1111111. 191.

11111111111111111. 107. 108111.
112.

111111111111, Eub. 1111 San·
gost. 193.

111311, 1611311111 von. 225.

111111111. 107.

11111 111 31111111. 101.

11111111111, 111. Angelus. 91.

Areo, 1111111. 523.

Argen, 11111111. 101.

1111111111, Paul von. 225.

11111111. 256.

111111. 501. 511.

11111111. 101. 219. 299.

1111111111113. 312.

1111111, 1111111113. 213.

1111. 129.

11111, 11111111181181.

111111. 396.

111111, 81111 95.

1111 11 11111111. 520.

1111, 11111. 221.

1111111111. 1111111180.

11111111ς,1’1ο]11, 11111 111. 183. ’

193. 201.

mwmmwmffla

011111111. 312
11311111. 81. 85. 87. 100. 101.
106. 135. 226. 230. 231. 219. 213.

1111, 1111111 11.111111ἰ11111“1 1. 111- 105123. 110. 112. 150. 165. 186 1

geru. 83. 1111108150. 151.
11111111, 81. 313. 311.
1111111. 90.

513. 527.
11111111311111111. 100. 102. 101.
106.

1

1111111, 1111111111 01111 111 11111111,11111111111518136. ¹

11111111. 350.

11. 1525175. ao. 1517. 520.

1
1

 

