000 , 00.

10010001000 1010000101 110 1001000100 001 0001031οο 010 011 er
0001110001100000, 1100001 100 01111 1101010000, 1101000100000010000
0001 110 Νο000011111, 010010 110001 000 0010000101, 00 0010001000-
100 0100000000 0001 die, 010 010 10001 000 0010000101, 00310001
0011001000, 10001000, 00010, 001 010 00101011010000111000, 100 01110010
100 1003113 11001001001101010011010000οᾒ00. 110010000101010110003
01000 0010100110100 Concilium, 100 00 01001 00 300 011, 1001011001·
00100 0001101100, im 30001000 100100110001, 1001010010110, 00
0011 100 0010101101 31001 300 013000. 1100 10 00100100010001 100
1101011000100010001100100110000010000100100 10110001011001001000
0001 001 0010000 wider den adl 0001001001000010111 0000110300,
001100000 0001 0100100(111. 42⁶.) 00001001, 1000011, 3001001001 001
1000001101 00010011. [1000001 1030001100 11001010 0001 110000 ni
01000100, 0001 100010010 0000100110(8010001). Die aber 1000010 001
from 0101100 001100, 110 000000100 0110100100001 0001013003101100.
10 1100010001, 010 000 0101, 310030 00 011 0011 00010 0100, 1000 011010 daz
110 010011 001 100 000300 100110100111300 0011000100000 01100 3001
10001001. 11000 0001000, 0010030000, 0001100, 0010110000, 011000 0010001·
100, 100 0000 000100, 100 0003000011οο 00000101110010100 Ρο00100 00
001011300, 1011 30001113111010003011100, 001000101000, 100101 011
30100001, 100 0011003 0000 11011101 0010101000 0011000 plata 01, 100
0011100000 0030001101101, 0100 110111οο000 001 0001000300 100 00010
3000000 sind. Got 000301 00 100001 Der 3010000010, 10010100001300
01010100, Wiewol 100 100 11000100 3010111011, 0001311101 0001 00100
000001 11010 vad 0011001 0030100, Νο010 001000 00 1000011010 10000

0001 11001 10 00100110. Dan 0010 30011 100 (100000 000110110000 0010000 .

0001. 8000100001οη 10 vil 0000 100 30010101010010 30100300, 0001
3011300100111, 011101 00101101 3010031 0001 3000000300, 100 sy 011
0000000100 01100100000, 10010 1100000003 Ν1οῖιο00000 00000010ος 11001
10000 00100110100010 11001 wider 110 11000001οῆ 00 11000 ; 10010 100
3000011 300101100 0110030100 10011001001103 0100111300001101
0000000000, 0001 dem (111. 43⁶.) 0011000011010 0010100. 111000 10001103
0100111000 30000 010110001000100010003, 01030001111103. 11000001

⁰ er· im 00110100 0001 10010001010001 000 1000100001, 00001010100010

11101001 010100. [100 110 0000000 001 100000 010000100001011001000
100001 01000100 10 3000000 1100000003. So 00110000 0001100100010
1010 1101010 11101001 00100000. 1101 00001101 00101000ορ000000, 010
00100011101 110 paura 0001 1000003300111011000000 von 00100010

 

