662

1111611111,111111. 269. 6111111111. 113
1166161111111111111. 176. 1111111111, 61111. 328
1111116113. 368. 628. 1111111111ε11111111111111. 321.
1161111111. 137.139.101. anaelwang. 102.
1161111111,81131131118111161111 1111111116, stada 91.
1161111111 in 11111111 = Unhlbnrg. 11111116, stadt 91.

368. Neubarg in 811111111ιή 217. 266.
1111111111. 86. 263186. 111161111611116111111150.
1111111111, 11111111. 132. Nauburg. 261.

111111116113, Herzog 11111111 von, Nauburg 111 (1119111111. 81

316; 11111111 (1111111111. v. 8111111· 1111111 urg arn lnn. 627.

witnabenda. 11116113118111188. ·
1111111111, dna. 290100. 11 anburg 1111 d. 11111 Fun. 91.
Msnrnaunehlag. 132. 11116111. 289. 291. 328.
Mulbangarin.11. 11116111111.1Ι.11.Β.286.321.311.
1111161, dia. 89. 99. 1111311111, 1. Nowgorod.
1111111, dia, 1. ualde. 1111111111, 1. 611111 nuovo.

11111161 = 11111111, 11111. 276. 1111111111 1186111111. 296. 309. 310.
1111111, dia, 1. 11111111. 316.

111111111311111131111. 133. 1111111111,1111111111.316.

111111. 386. 1111111111, 9111111111111. 78.
11111111, 1111113111 von. 610. 1111111111, micha} von. 163.
1111111111,61111111382686386. 1111111111, 6111111116. 361661. 1

387. 388. 1111111111. 73.

Nngy-Kassa'). 387. 111111611111. 96.
Nagy-Megyar. 329. Nounkirehan. 132. 301. 302. 337.
Nam-Tandem. 386. 1111111111. 389.

11111111, 01111111. 622. 1111111111 a. (1. 111111. 311. 312.
Narbonae. 221. 1111111161 a. 11111111. 98.
111111, dia. 111. 131. 277. 286. 287. 1111111161 111811111η1116.101.

326. 1111111111 11 1111111111. 91.
111111, 811. 111. 1111111111, Nowgarod. 117.
Naumburg, 111111, 811111. 1. 371. 1111111111ε111111-0111111268.
Navarra. 611. 1111111111ε111111-6111111.131.
11111111. 180. 181. 118. 179. 181. 111111111,1111111·. 1. 6. 6. 18 21·

182. 186. 192. 191. 30. 31. 3611. 16. 63. 66. 72. 111.
1111111, (111 11111. 106. 216. 266. 262. 263. 261 290. 3⁰⁰·
11116111, Aehan v., (111111 61111111- 301. 328. 331. 337.108. 111. 111

111. 100. 111116111. 163190. 609.
1111111111, Genrg 1., 811111. 1111111. 111111161,1911111-, 11111111, Psar-

390. 100126131. 1111111, 611111111111 (11111111. 1111.
Naipperg, 1111111111. 312. S. 9111111111111, Augustin.
1111111. 278. 291. 306. 378. 1111111161, 31111101. Gregor Ange·
N ellenburg, Landvogt, Hanna von 111600.

handau. 267. 1111111611. 291.

 

