34⁰ 8888.

881181 worden, 188 Er 8181 881888 38118118888, 38818118 8881 381188
888 8888881188 888 888888 1881831, Haben wir 1888811188 8138888188
888 118818881818, 1188318888, 8118 88888888 881188811888188,1111881181
8881 1188888, 38881138118188 1888111131, 888388831888188888888188,
188 wir 188 888 11811188 88 11818888 18111883 8881 81818188 88811188
8881 88181888 1181888 3818888188 881188 8881 wellen, auch 188
1888188 1188 88881888 3881 381188 8881 188818113838188, ’1188
88818811818811888118188881181, 18 088111 1118 1818118, 188 Er 888
11811188 888188 888 8888 8881 888888118881888 8811(Βὶ. 329⁸.)
81818188 18881818118188 18811888 11188818181883188388811118881
1818188 81118888, (18818188181188 8881 18831818188 888188188818181
8881 1811888831 werden 8811, 8888188 888 88118188 18881818188
318818118188 [188118118881 11888881 sein. Vnud 8818 881188 8881 8881188
8888 8881181188 88 881888 1118888188, 188 88 8888 8118 8888881181
1883888888111881818888181188188 088888 (liene, 388811381181888 18·
8118388 188888, 1881 38118188 1888811 81188 8881 18188, 8888888 888-
(1881188888881 38188888, [181811181888881 118111Ιί8188, 18 was wir-
188, 81888118 8188 18888888 die sein, Ernnstlich 8881 8888113811818811
1188881181, 8881 wellen, das sy 1888811188 888 118818881818 818188
11888 888888183881883888111888881188 1888811181 18181188 188888,
188188118181811 (111. 330⁶.) 1818388 8881 1888188188, 8881 188

88888811 8881888 881188 38818188, 18 11818 weiss, 81181181 818888

88188 888 88888888181888838818881818811 8888881188. Das
8881888 wir [1888811181. 1111881188111118 1818118, 1881311 8811 88888888
1118138118188 8818883881881888131, Der 38188 181 18 888888 8181
111888, 188 8881881888188 183 188 1188818 1888, Ν881 11188181] 8888888

118188 188888 381881 1888888111811881881 8881 im zwayvnndvier·
181318188, 88888888 1181818 188118188188 188 1888111188 8881188
8881888 188 8881881888188.
1881188881.
Ad 888181881888181 118318 proprium.

, 1111818888388.
(883381.) Die 118188 888111888 3888 08888888, So
181 888811 18888 Adam Car! von 88388 888318181883 v
(188 1838 8881 881818118818818811,188188881888·

8181188881888188881188111138818181818.
20, sunt. 1188 88818181318188 183 Juny 888 1111888 mit 111. maj. 818. 888·
38811188. [1181188188 188 18181811818381181811 3888188, 88 888 818181

 

