568

323. 331. 337. 385. 383. 333. 407.
516.

06666116. 311.

066161666. 286. 287.

066116. 243.

06666116. 286.

066661156112.

06666616, 06661566. 3.

06666666. 276.

06666666, 115661, 6661. 116666. 358.

06666666, 11665661116666066666.
101.

06666, 116. 166. 288.

06161666. 386.

06161116506161366. 386.

0666661666, 1166· 81666Βί165. v.
8166166. 285. 305.

06666116, 116115. 6., 111665. 611666-
166. 315. 366. 331. 332.

06666116. 108. 285. 283. 323. 328.

06666666616, 11111616. 304.

06666666, 366173.

0666166116. 131. 266. 278. 288.

0666666166. 110. 278.

0661666, 0166666. 10.

06661616112.

066666116112

0665666, 01666. 116.

011166. 288.

0665166, 116661. 170.

0665616101.

06665616, 066166 de. 36.

06665616, Fran 666101.

06665616, christoph 666. 232. 212.

06665616, 06666666. 215.

06665616, 11666 116666 6. 162. 235.
212. 261. 262. 111. 153.

06665616, 0113616 666. 212.

06 6 65616, 1166610115. 6.,0611661·

666665611. 337.
066656661616. 177.
06665666. 103.
0665166, 11. 82. 218.
0666566663, 166, weingarten. 51.
0616, Cape di. 186.

061166. 303.

066, 06166, stipendiatus„ 18.

0666, 166666. 527.

0661661561. 125. 126. 157. 175.
176500.

061665, 16566666. 103.

061665, 1116165100.

061166, 1166116. 525.

065661166318.

06666666166, 1116666.. Probat. 511.

066166 661 d. 166. Sabata 301.

0666566653 86565661. 310. 313

06616666. 115.

11665. 131. 263. 328.

1656651661 666 36656, Melas,
86666116. 257.

11656661616. 311.

116566161666, unm, meerg.
Gesandtar. 305.

116516. 327.

naming, (116. 310313.

1111616111, christoph 666. 113.

11666, Lo. 218.

06666566666 = 11616661661α6
276.

audita, 616 116116. 383.

1161166661. 88.

1166165666 ε1161166566ς. 217.

5616661661666. 276.

11666611, (hagar, Wojwode. 131.

1166661. 325. 326.

11666611 ε116661611. 370. 376.

111161νί1, Barbara 666. 363. 370.

1166111611, 66666607616616. 131.

1111161611, 116661116166666. 376. 332.

1166666661. 323.

116166. 116.

11616, 51165661. 83.

1161666616τὶ. 378.

1161666666, papati. Legat 31.

1161666. 3. 383.

116151 in 1616166. 77.

111166, 6166 0616. 51.

11666611ιε116166η. 273.

5666666611 = 3156661166105.

 

