111111111111. 101107.
1111111111, 1.,1111110113111. 10.
111113, 1111101. 201.

1111, Paul. 163.

11111 11 1111111. 73. 71. 71.
1111113, 1. 11111.

1111, 1111111. 1.

1111111. 106. 132. 217. 203.
1111011013. 107.

1111111111. 107.

⁶ 11111111. 00.

1111111. 311. 378.
111111111111, 111111 111. 113.

110. 110.
1111011113. 132. 217. 2011.
11111111311, 11111111 01013. 71.

111111, christoph, 111111.1.1.111111

101 und 8011111. 113. 113.

111111, 11111 101111, 110111111111.
111161112.

111111, 1111111, 1011111711111. 367.

1111101. 311.

1111111101101, christ. 266. 270.

11111111111,(11013106107111.

1111111, 111111011111111111. 78.
103.

11111111, 1111111111, Probat. 03. 61.

111111, 1111111111010311. 110.

1111111. 131.

1110111113. 102.

111111, 8111101101. 11.

113111, 1111113. 131.

11111111, 01111111111011. 70.

1011, 1. 11111.

1031111113. 10. 256. 261. 161.
188. 101. 1011107. 113120. 127.

1011111111,11101. 103.

111110111,.11111.,1111111111 11, 111
11111111. 307.

11111111111, 0111111111. 101.

. 102. 103. 163.

11111111013,1111111111 v. 113.
111163.

111111111111 -- 11131111111. 378.

11011. 127.

110

1111011. 270.

1111111. 116. ¹

111111111,111111133111. 1107100.

101111113. 01.

101111, 11111101 111111. 112.

11111111110111111. 120.

111111, 1111111111. 311. ,

1011111, 811101111. 11.

1111111311. 117.

1011101, 11111101. 261.

101111. 101. 217132.

11111. 133.

10111, 11111111 101111 V. 136.

1131111013,Ηο11111111.111111·
11111. 72. 73.

1131101, 1111ρο1. 213. 201.

1111. 120.

111011, 1111101100. 217171. 1132. ”

111111111111111. 101.

111111. 11261118. 110.

111111, 111111. 221. 101.

111111, 000111111011. 120.

1111111111111411. ’

1111111 0111111111, 11111111 111
11101. 1110.

1111101.

11101111, 101. 176.

1103311, 111., 001111111111111101.
138115.

11011, 111. 111. 127.

11110111111, 1111113, 0110111111 11
111.-11111113. 26.

stiga. 111. 276.

11111,111. 386.

11111·81111111. 386. 388.

11111111, 111111. 261.

1111101, 0111111.107.

111101, 11113111. 235:

111011. 222.

1111111111 = 1111111111. 310.

10111101, Paul, 81111111111111181.
stephan 11 wien. 71.

11111 1111111111. 02.

10111133. 1111116160. 176.

11111133, 11111111 111. 170.

 

