222 ‚ < 22.

1221222 2122 222111, 212 11212221 11222122, 2222 12122222 22212 222111, ·
22 122 Ρ222 mons 2222222 1).

122 212222122212221222211112122 12211, 12 112 12222 mit
112121222 8211111212 22212112212, 11212211 2122 12222 2122112 22222
1121 222121121121 2122212222.

211222 222211122 8121211 2122 82111122, 122 222122 21221 221-
22122 111221122, 1121222 222 222122112 2221222 2222, 12212111 122111
122 82111122 112122 22 2221 1222 22221 21, 2112 21 2122228112112121)
1221.

,8212212221122 2222122 2112111 halben 1212 2221 wider, 122
2222 122222222 11221112211, 2212 1222 222 222111 2222 222211
Susanna 1)(111 180⁶.) ⁸

2122 funffzehenden 12 122 122122222 222 822122122211, 12 212
81111, 822222 1) 2222221, 222122 122111. [12212221222212222Ρ1222221.
Wellen 211 221122 genennt werden. Da 1122211 22212 112 222122
81222222 222 1122221122221212 2122 122 Ρ222 mons Senis 1). 1222221
2222 11111222 1), 1121222 221112222111 22122122 11221222112221112222.
Ι1122222212 2222 1112212, 112212,212212211212122121222. 1122 222211
22122122 222222 (Bt. 180⁶.) 222122 112121 2222 821212 ⁷). Das 212
2221 2221 122 2221122122211 12221 122 222212 21111221 122221, 122

, 222122112212121221221222 21111221221222121. 1212211221122

2211122 222 821212, 22111222 21111221 222111, 1211112212. 1121211122

2121 112 81222222 nach 1121112221 2221 Genua. Dannneh 222 82122122

1222 22211 2222 81112221), 822211 German 1), 2112222122 21111221

12222222.) 222111 1122222222 8222222122 222222 11). 112121122 82211222 2221
Ρί22222112212 12221.

¹) Die 0212112221221222112216221222 121121222221212222121212 02212222
2211222212222; Τ211221 22 1221222222; 8122222 221 122 11112 122 C.
122 1112121222 11221222 2122222212 22122122222.

²) D. 1. 21211. 8212221122 11, 1111.

⁸) Cennnne nn 122-112122.

⁴) 8222, 212212112 nn 122 Deire.

ο) 1122102212.

⁸) D. i. 2121211222, 22122122 8222 2211112211.

⁷) 01122222, 2212 222 Ζ22222222212222 122 0222 221 Ρο.

⁸ 01211222, 12222112 122 Deire, 2221121121222 enimse

⁹

1 8. Germano, 22122122 01211222 221 12222111.
¹⁰) 1122222212222111 22 122 82212 22222121 2212.

 

