Ludwig 11.. 811111 1111111111111.1111
11111111. 72. 83. 133. 131. 225. 231.
211. 215. 256. 262. 263. 261. 265.
275. 276. 281. 373. 381. 108. 109.
110. 111. 113. 111. 116. 150. 151.
505. 530.

Ludwig 1., 1111111. 0111111111.
358.

11111111 111. 1. 1111111111. 73102.
163. 167. 121132.

1111111. 91. 96. 97. 133.

1111111111, 111111111111. 97.

11111 1111111, 0111 u. 1111111, 11111111
von. 186.

11111111, 11111111. 261.

11111111 11111111111111. 11111111. 69.

1611111 und 1111, Barbara, 11111111
1111111111111. 111. 69.

1111111. 116.

1111111111. 511. 517.

. 1111111111111111111111. 11.

1111111. 277.

1111111, 1111111111111111, 1111111. v. 305.

11111111--1111111 11111. 315.

11111111, (1111111111. 105.

husen, der 1111111. 197.

1111111, 11111111. 136. 217152. 157.
165. 513.

11111111,811. 119.

1111111111, Constantino 11111 111.
131.

111111111101111111111. 332.

11111111, 111 11111111. 506.

11111111,01111111111 von, 61111111 v.
111111. 506. 511. 529.

11111111, 11111 Gaudent v. 306. 307.

11111111, Η111 6116111111 von. 519.

1111111111, 1111111111. 509.

11111111, 1111111111. 532.

11111111. 108. 279. 285. 152. 179.
521. 530.

maestricht. 250.

1111111111, 1111111111. 98.

11111111 burg, 11111111111111111 11. 88.
8998.

W

1111111111, 1111111111111111111811111.81.
222. 223121. 121135. 136. 156.
158161167. 168169. 175. 179.
181. 182 183. 191. 191. 195. 501.

'mmmmmmm

521. 522. 523. 532.
1111111111,111111111181111 von. 111.
1111111111, 1111111111 11151111 1111. 107.

108111. 112.

111111, (111. 88. 99. 311.
1111111 118111111111111111111111111·

Commenturei. 101.

1111111. 250.

1111111, 8111111111. 311111111111. 312.

1111111, 1111111111. 1111111111. 88. 89.
98. 136. 261. 311.

11 ajo 111, 11111. 188. 190.

11111 1110111111 S. 1111111. 197.

111111 1111111111, der. 197.

111111111τ-1111111.171.

11111Ι us, 11111111. 185.

1111111111 = Mnlponl, 111111. 266.

371. 378. 390.

11111111 = 11111111111. 221.
6111111111. 221.
1111111111.171.133.

1111111111, 11111111. 10.
1111111111. 378. 11111. 1111111111.
11111111111. 390. 11111. 1111111111.
1111111161,[)1. 526.
1111111111,611. 263.

1111111, 1111111111 1111. 119.

1111111111, (1111 111111111. 81217.
112.

11111111. 186. 191.

11111111, (111 111111. 1. 169. 178.

185.
1111111111 111111111111. 79. 80.
131. 511. 521.
11111111 111 (11101111.71.301.
1111111, 11111. 108. 266. 289. 328.
March, 1111 11111111. 390.
1111111116189.
1111111111. 131.
111111, 1111118111. 223.

 

