584

31111161113111. 166.

31111113. 363.

31111111,.1111. 113.

3111111113,1111111111. 3. 338333. 333.
336.

3111 tm 1111111111. 163.

311111, 811111. 67.

311111,11111111111. 366.

Zengg, 1111111 61111111, 6111611111.
163.

3111111, 811111. 66. 6116111681111
(11111611. 66.

3111111. 366.

3111111. 61.

3113111,111111111111. 83113.

3111111111,111111111111. 168.

31111, 611611-11161113111111111. 163

31111, 6111 11111111 von 111. 133. 381.
3631166.

311111 11 der namu === διδ

173.

’ 1111111,εο111.111111111111111111

11. -
31111 von 3111111111, lohannes„ ὕ
31161131. 316.

31111111. 1111116126.Μῦ
3161111111 -- sobieslaw. 367.
3116611111· N. 86.
311111ε61111311. 221.
3111,11111.111111111. 367.
3111611111. 361.

31111. 378

31111111. 161. 163. 103.

311111. 16167.

311111, 6166161111111116111111Λ
3111111111. 66.

31111311. 313.

3111111111. 8. 36.

31111, 611181111611116. 163. 6111 31111111 == 8111111111. 378.

31111111. 163.
31111, die Burg. 338.

3111111111,11111111,Ρ111111111ὒ6·
aiensis. 376.

 

