5⁰6 1111.

111 11111111 11111111 worden. 111 1111 111113ῌί1111 11111111 vom
1111 orn 11111111, 111 111113 1111 1111 111111. 1111 111 1111113, 1111·
1111111111111111111 11111Ιί11 11111111 11111111 11111111ιά1Μά
11 1111 3111111111, 1111 1111111 1111111111111 1111111 11111111 go·
11111111. 1111111111111 111 genuen, 1111 bosom, 11 geschot:
111111111111111111111 111111 -11111131111111111 ainweim
Ἴ ‘snut 1111- 1111111) 11111111 11111 111 111111 11 111 1111111111 1111111111·
‘¹⁸⁸ ι) (ι) turggen 111 1111 111 1111111111. 1111 1111 1111 1111 1111 111111
¹¹¹'¹- 11111111 lm 1541·- 11111 11111111 1111111311.

22. nn„ An 1111 21111 111 1111111 111 11111, 311111 Turgg Weylannt,
111 11111111 1111111 1111111111 111111 1111 turggen praeht 1111
1111111. 1111 111 111113 ferdinandus 111111 11 111 1111, ligt gegen 111
1111, 1111111111, 11111111 1111111. 1111111111 11111111111111111,
vergraben 1111 1111111111, 1111111113 111 111111 1111111 hilf
1111111111111111111111 1111111111 1111111111111111111 (131. 68⁶.)
1111 1111111111 1111111111 1111111111111111 1111111 11111 mount
lanng 11111111111 1111 11111111 1113111131 11111 111 turggen. 111 111
11111111 111 1111111 11111 1111111 11111111 111 111111 111-1111
1111111111111111111111 111 111111 11111111, 1111 11111111 11111111,
11111111111111111 11 1111111111111111 1111111111 11111 111 1111111111
111 1111111111 111 1111111 11111. 1111 11111111111111 11111 1111111
11111111 1111111111111, 111 1111111111 111 111 1111111111111. 11111

1111111. 1111 11111111 mit 1111111111 111111111011111131111 1111111111,
111111 11111111 111 111 111111 11111111, 1111 11111111 11111311
Vngern gefuert worden. 1111111111 schwager 1111118111 der 1111-
111111 111111111111 1111111111 11111 1111111111 1111111, 1111
1111111111 mit binah gorugkht.

ln 1111111 11111 111 111 frum 1111111 11111111 11 1111111113 1111
11111111111 1111111111 1111111 111 1111111111 111111111 11111111
1111111111111111111 11111111111111 1111111 11 1111111111 11-

11111, 1111 111 1111111 1111111111111, 1111111111111111111,1111
1111111111111,111111111131111111 111111111111 (01111111111111

1111, 11111111. 111. 1111 11111) 111 11111111111111111 1111111111 stat
gesetzt, 1111 111 1111111111 111111111111111 11111111111111111

’ 111111111, 1111, Rue 11111111111111111 111131111111111111111111
11111111111111111111111111111 1111111111, 1111 1111 1111111111

¹) Georg 1111111111.

 

