1507, 425

181; So sein 1881 1188811888 8818 881 888188 88888181181888881883,
88 1811811881888188188181, 81118881 8818881881, Dan, wie 888
3888111, 11881188 118 88881188· 88 8188 menig 88888 8888818818
1881188 8888188183 8881881, 18818881 1881811181 1888188888838-
188888 1881818111 1888831, 8181 888 188 8118188 188 1188188188
1181818, 1181888188, 1888188881 18888, 8881 pey 881888 881188188
8818888188, nie 188 1888 8818818 38888188888818888888188 .
mass 11118818881888 8888888881, 118 18 8188888 88881888 1811 881888
11888 818 88 188 18183 881 1881118888818888111888 durch 188 81881- ·
land anfieng. sein Ameleney 181888888388111811 8888181881 881
888188 118 881118 8181 11881 8881] 188 81881 381881, 8881818 88818
888188 88188 1888811888, 81818 gemunt, gemacht ward, 18818 8181
18811 188 8881181881 18183 im sibenden 188 1888181888 zan ge· 1117.
88111388. 11888883 188 88118 888 zu 181188 881118 888811181. 11888
188 8888811118818111888 88118, 818 818 811 1881138118188818881888,
881888388 gennegsnm 888881881, 18888 8881 1881881881, 11888188
. 811 88888811 811188888 881888 81888 8881881881883. 818881881181
811 casimirum 188 81118188 11818 11811 888811888, 88 181188 8881 118
1888188 888 18188 18 8811, 88 888 1881883181818881888888813
8881 18 188881. 11888811 8888 88 trient 818 881888 81881811, 1188 888
1811838, 188 8888818811 881881888818 38881181118181118818888881881
881 188888113888881181. So wan 888118888 1188188188 881818
818 18881818881888 811 1888181888. 118 118188131181118188181188 88
11888 8811 8881 81188 88118811188388818818188 888881811, 881881
81811188811 1881881881811, 1881183883881 888811388 18881811
1888118 8881 88 88188388. 11188811 8188188811818 188188181 38188111,
181188 8181 1181888118188188 88811 811881881888811888888188188
11811 88888188, 188 1188881 81 188188188 188888181881 888811888,
1888 1888 188188818888 811 3888888 (m. 4⁶.) gunst 88 1111 genaigt
was, Aueh in 188 881118881181888818881 1188888, 8888118188, 881
188 811 0888118818 18 1888818888 ¹). 881811881181888111188811388
8881 811 888388888, 8888188 gegen den pustertal 881 181881 8881
ordnung 11888188, 1888118 118 888881881 Β88888118 18118118 888883
881 1881181888 18118881). 1188118 8881818, 8881188 1818881 881

¹) D. 1. (1188318 Con-nano 881 1881818181811881 8881111811888.
²) 1).1. 1881818888 11181888.

 

