672

86111166161616, 11666 christoph,
06616066 66 1166166. 232.

· 86111166. 278. 286. 287.

Sehielle=Sellye⁴ 322.

8611666, Gom-g von. 16661661. 06-
6661166. 312.

8611161661666. 70.

8611116616166. 78.

8611616ε 86666116 6. 1. thg. 316.
316. 322.

861166116, 16166. 274.

8611116115861166. 263.

86116611616661, 8166166. 243.

86116161166611. 414.

8611616163. 132. 247. 263236.

861166. 313. 316.

8611661666 im Vintschgau. 466.

8611616116, 361666 6., 3166161666
11616666. 232.

861166166. 44. 46. 103. 266. 278.
288. 232. 204. 470.

8611666616. 36. 36.

86116161611. 106.

8611161, 066111166611. 314.

861116666111666. 113.

86116616, 166. 434.

8611666611666. 117.

8616611611166166 11661. 604.
6141121628.

86166116611616, 01666. 336.

, 86161110116. 311.

86161116666, 116666. 261.
86161116666, 1161166666. 243.
8616661666....148.
8616666666, 11661661. 470. 471.
473. 474.
86166 616661, 11666161, 11666166.
244. 246. 267. 261.
86166116661, 11666 361.,11666166,
166666 661116. 404.
861611661666....186. 137.
861061 otger, 666166166166. 173.
861661166166, 116666 8616661-
pech, 11666 66. 267.

86161666, 81666116.
8616616616, 1161666616. 134. m
86166636, 0661611 446.
86166166, 116166166. 4.
8616661661. 266.

¹ 8616666. 121. nm. 121.

861666, 81666. 126.
8616111661. 623.

8616116166. 41132. 300. 331.
8616111161, 116.,166666661116403
861661, 3666166616. 66 116661 61.

161116. 23.
8616661661666,1661611616166.
8619661166616166. 600.

86166116661616, 31661. 016611.

. v. 132. 463.

86166116661616, 8136661 v. 450.
8616611, 16166. 143. 307.
8616611, Hen- 37111616. 143. m.
148100. 161. 163. 226. 233. 234.
236. 237. 238. 240.
861661, 1166611666, 11666661. 163.
861111, 16661. 304.
8616166116, 1161166166 von, Gem.
6666. 116666 v. munsterherg. 346.
861661, 11666. 442463.
8616611 , 11666111116166. 600.
8616666616611666101102.
8616616661. 88100.
86166166. 467. 474.
8616616 6, 1661666161 16. 102.
861661661661, 166 17611. 102
861611166166 11661. 68. m. 476.
86166366, 1116161. 243.
86166616, 116666. 243.
861666166, 116. 327.
8616666. 414.
8616666, 116666, 8166661166. 261.
8616666661666. 312. 1161166666
von. 312.
86166666611. 106447.
8616666666666.103.1312118327.
8616616. 132. 247. 238. 463. 618
86166166. 37. 117.

 

