468 1111. ’

111111111111111111111 11111111111, 1111 111131111113 111111111111.
1111111 1111111111 1111111111 311111, 111 11111111 111111 11 1111111
1111 1111 die Haut 111111111 3111111 1111, 111 111 1111111113 111 11 111
Ν1111111 1111131111 1113 311111, 1111111111 111111, 1111111111 111
1111111 3111 11111111 111 111111111111, 11111 11111111, die doch 111
113111 sturmen 11113111111111, mit 1111111111111 1111111111 111111,
11 111 1111111, 11 111111113 111113111111,111111, 111 da 111
11111111111111111 111 11111111111131111111, 111 111 311111 111111-
11111111111111111111111.1111111111111111111111111111111111 1111
11111131111111 11111111 111111, 111111 111 31111 1111 wider Eylermd
in die 1111Ρ11113111111111111111111 1111111111 111111111131111111
3111111111, 111 11111111111111111111 11113113 111 111211· 1111.
Danu 111 111. 1111113111] 1111111111111113111111111111111,
11111111113111 osterreich, wider 111 Wien 1111111311 11111133,
1111 zu lm 1111 dem 11131111111111 111111111111111113111111111.
Vnnd 1111 wart durch sy 131111111νῦ 31111111, 1111111111111
11111 11111111 1111111111, 111 1113111311111111111111, 1111 herr
1113111 11111111113111111111 (Bt. 3⁷⁸.) 1111111 11111111, die
11111 1111111311111 11111111111111111111111, 1111111111, 11111111
1111 11111111113111, 11 111311111 1111111 1111111 11111111111111
11 wider steen. 111 1111 herste, 111 111 1111111111 1111111 11 111
111111 1111111, 11 111 1111131111 1111113, 111 11111111111111111
1111 1131, 11 113 11311111131111111 3111111 111111111111111
lnen 11 111 111311111111111111 11111111. [11111 11111111111111111
11111111111. 11111 11111 1111111111111, 1111 111111111111111111111
potentator 111111111111111111111 11111111 1111311111, 111111111111
111311 311 111111 11111111 1111111111, 11111111 1111 31111113 311111
1111 1111111111111111111111111113 1111 1111111 paria 1111111111111
11111111111111113111111111118001111111311, aller 11111131113, 11
es 1111111111 1111111111111 1111 31111311 mugen, rnnd 11 111
1111111111 1111111111 1111111 31111111111111 reineri 11111 in 111 1111
3111311 111. Der er 111111111311111, 1111111111 1111 1113111111,
atil 31111111, 111111111111 1111 111 1111 11 1111111 11111111 1111 111

1111 3111111111 111, -1111 1111 111 stercker 111111111111113. wer,
1111 3111111111111113, Clemens der 11111, 1111 (ΒΙ. 37⁵.) die
111111311111111111 111111111111111 1111 3111111111,1111111 1111-
herr 11113 pey 111 1111111311 111111 11111111111111111113111
311111111 311111, 1111 111 111 311 11111 3111111 11111111 praeit.

 

