16615665. 317.

16665 663, 11666 166635 6. 306. 307.

166656 6 3, 81366. 666.. 31665. 6. 161-
5665. 131.

16666 66166, Dr. ,lohannes (1). 110.

16666661, 11666. 61.

16663666 651, 8161551 16166116 Pie·
666. 113. 115. 162.

„ 166666, 111666 666. 155.

16 6666, 11666 116663 6., 1666663166
3611665663. 257.

16666656 63, 3663 666, 31665102.

16666663 im 36666366. 518.

166665663 61665100.

16666561. 85106. 210.

1663, 36. 16566666. 361. 366. 370.
375. 376. 378. 300. 302. 305.

1663, matth„ 311656. 66610666-
]6166 6. 31615. 36165663. 81.

1663, 1161116, 616 3665. 6. 06661661.
132. 130. 216. 100. 107. 113. 112.
150. 151.

1663666636666136666666. 101.

1663661616. 311. 312.

166366666. 221.

166166116 16 8161666661. 230. 216.
303.

166631565116 ε166166116. 216.

166616, 36166171173.

16663, 366 0661666. 100. 221.

1633116, Dr. 1116165 666. 161.

16 666613, 1166666. 388. 380.

16613, 11666 Hieronymus. 202.

201. 205. 301. 305. 323.

16666, 366 31636. 135.

1665665663, 11666 116666-1166666 6.
112.

166565663, 6. 166665663.

166665663,11666..165666 1v. 666
8665666. 08.

1661166. 311312313101.
1666. 313. 315. , ’

1666666, 1166156166. 5. 63.
1666666, 3166561 6. 1111665663. 111.
1666666, 1166663666 3666166. 51.

1661666666. 181182.

16616. 137.

166665663. 56.

16 561611, 8166661561.

16566, 06663 6. 3166661561, 31665.
666. 358.

1665, 666. 100. 106.

16651616. 58.

16666116616. 10.

166, 3666666153.

1666, 616, 6. 16166.

161 5116 = 01616116. 311.

16156116. 301. 1615611666 3616. 301.

16156116, 66661561 11666666. 36115.
1116661666. 113. 115. 118150.

161665613113.

1616561166,111.

16166, 616. 08.

16136161. 108131. 280. 327. 311.
301. 368.

16 ippa, 11666 3116166 666. 311.

1611636666 1166666666, 36615616 666

666. 301.

Leipzig. 88. 80.

16166, Ι). 11616616 66182180. 103.

161166. 286.

16665663. 276.

1666366116. 3.

16 6636616161ε 1663661616. 311.
312.

’ 166 11311666--166 3616666153.

16611, 36561. 131. 118. 170. 180.
153. 156157.

166566. 132. 210. 200. 205. 318.

166566, 816616165166 66. 163.

1665665016. 206. 286. 371. 378.
300.

1666161666. 307.

16665666, 0566666166 5618. 316·
phun 1617166. 12.

16665666 6. 5661665665, 3665. 666
86165663. 83. 81. 100. 111.

16 6 [6616 666 3611136. 31100.

166ρ61666661,116661166636616.
208. 301. 331.

 

