1111. 297

Sflnen: (11111111111111111111, Geerg Anndreen 1111 111111 Sig-
munden dise 1111111 gued gethea 1111 11111111 gegeben, 111 ey all
1111 11 1111111 111111 111111 1111 111111111 11111111111111, 1111
(111. 273⁶.) 1111 1111 1111111111, 11 111111 {erem verigen zuenamen
,111 Η1111111111“ 1111 11111111111111 111111 ,111 11111111. Geben
111111111111111 guad vend 11111111111111111111111 11111111111111
1111111111111111111, 1111 1111 1111111111111111 11111111111111111
1111 111111111111 11111111111111111111111111111111 11111111111111
1111 1111111, 11111111 11111111111 1111 11 Crem dits 11111111. 1111111
1111 wellen 111 111111111111111111 Khssnigelichen 1111 1111111-
11111111111111111,111 11111111111 111111111111111111111, 8111111111,
1111111111, Β111111111, 1111131111111111, Geerg 1111111111 Geerg
sigmundt 111 111111111111111111111111111111111111, 1111111 111111
11 ,1111111111 1111111 11111 111111 1111 111111111 11111111 111111. 111
1111 111 111111111, 111 111111 111111 11111111 ,111 111111111111ω
Auen den Tite ,1111111111“ 11111, 1111111111111111111111111111-
11111 ,111 11111 3111111111, 1111111111111111111111111111111111,
11111111 111111 111111111111111 (1111111111, 1111 1111111111
(111. 274⁴.) menigclieh, 111111111111111 1111111111, Ι11111 1111 ni·
1111 senune, 1111 111 Tite ,111111111111 111 11111* 1111 ,111
1111111* 1111111111, gegeben 1111 sy 11111 1111111111111. Sy
111111111111111111111 all 1111 ι111111111111, 11111111, 11111, winde,
1111111111111 gereehtigkhnit, in 111111111111111111111111111111111,
81111111, 11111111, 1111111111 11111111. 1111111111 ey 1111 1111
1111111 11111111111 1111111, 11111311, 11111111 1111 freyen, die 1111
11111111, 111 1111111111,111111111111113111111111, 111 111111
111111 1111 111 1111111111111111111111111,1111111111111111111111
11111111111111 1111 111111 1111 1111111 11111011111111111111111111
11111, 1111 111 1111111111 1111 311111111111 111111 1111111111-
11111111 111111111111111 111111111 menigelich 111111111111,
11111 11111111 1111111 11111 1111 11111 011111111111,1’111111, (11111-

111111 1111 1111111111, 11111111, (1111111, 1111111, Η1111, 11111111, ’

1111111111, 111111111111111111, 111111111111111111, (3111111111,
(111111111111111111111,1111111111, vindonem, negten‚ Phlegern,
Β11ςς11111,111111111111, 8111111111111,1111111111111, 1111111-
11111111, 1111111111, 11111111, 3111111111 1111111111111111111111
1111111 1111 111 (111. 274⁶.) 1111111, auch 11111111 111ῦηί111111,
111111111111111111111111 111111111111 1111 31111111, 11 111

 

