1666. 387

6666 16166666, 86616 11631. Eo wir 161666 16166666, 16166 wir bey
dem 8666 161666, 166161 8161166 8666, 166 16666661 616366666166.

8166 ¹), 616 3666666 1116616166, dem Herm Ρί61611166666166ν)
1663611613, 166 6666 6661116661166111, weil wir 116 611 36166166,
6663666116111 161.

11666661 66166 66116661 3661666666611661166 6661 zway
666666, 1166666616 ⁸) vnnd 11666611), 3666161. Ζ6 8616666161) bey
166 1111163 1661666661 36666666, 6661 3661661661, 6161661 616
Mei! 11661611 ’1616163 3666161.

1166 1666 366 1661163, 16166 wir 166 16666661 161111666ᾶί61
86166611 166 8611666 3666666. 16666166116616166661, 1611166661,
1666166. 11661 616616 in 166 861166 66111166 66166666, 1166 6661
1161166661 166 66616616661, 1666 1661161666111661 Τ61666, 116
bey 1666 86161666 66666666 1166166. 366 661166636161166 war. 116 66
1616163 1131 moin 6611661666 Giinther, 66166661166616661666 866.
1616 6661166161. 616. 11616161 1666611861166 16163661 16116. 161
Er 616 1666616161 6666166666.

11661 166661166 1636 6661 3666 (16161). 6161661366616111161
11611. 161 166 666166 163. 161 166 81166661666161613161 Aprilis, 2⁷·A12rss· '

3666 1161166, 1663 66611.

Da 661161166 116 1616616616666661 Nadastj 6116661666 Ρ66666
166 161 1161161 6661 wo! 3616116 mit aller notdurfft. 11616666 3661661
161866166661166666161 16116 11661663 36166 worden. 1166Η666
1661666161166161 3161616661 16666661666 3616611 6661661166 166
666661661666 161 Er 661666 6611666 161166 6636666666. Das 36·

6611661116116 ninom 3666666 11666 6661 116666 366661. Der 616,
1666 8161166, 116616166661666166, wan 1166 16 811661166366, vil
661161661616 36366 1666Τ161663366 361166, 113116 zw [16116616
616661661666666 Closter, 166 Sy 3661111 16166 86 161166 36161366
1161166 616 gar 661666 1111666166 1666116166 6666666 6661 61166
666166 661 36161661.

⁸) 11633-116111.

 

