6111111611 Ν11111.

,οι-...ωψ-

1111111. 216. 250.

1111111, 11151111 1520. 119. 150.

16111-Τ1111.176.

16111, 111 11116111. 65.

Adde, 11111. 223.

1111111111. 7072.

1111116111, 11111116111158.

111111, Andreas, 61111111. 293.

Ad 1 11 11111111, 111111161111111. 153.

Ad 1111 vl„ Pabst. 157. 161.

111111. 186. 191. 513.

1111161111εο1111161111. 219.

1 gn adello, 81611161111. 128.

¹ 1111111. 177.

111111, 11111611 Simon. 111.

1111161111, 11111111. 155.

11161) 11111, 111111. 12. 11111. 11111·
perget.

1116111111,11’11111111.11.

111111. 8111111181.

11116611. 313.

1161, 1111111111 , 1111111 111. 221.

11111,1’11(1111111 11111111. Τ111111,
Η11111 111. 529.

1111116111. 132.

11611161, Herzog 111 811111. 58.

11119111181161111111161111111 w. von

6561111. 51.

1111111, 1111111111 11111111111111111.
261. 115. 151.

116111111 61116111111, 1111111111-
1111. Pronnaea. 358.

11111161 1111111111, 11111111. 111
81111111111. 532. 533. 531.

116111 1. 61111111111, 111111. 111
111111, 98. 136. 311.

11611161 11161111116111, 11116-
meister d. deutschen 016111. 386.
11611161, 11111. v. 111111111111. 91.
116111, 1111111111011111111111. 13.

1611111111. v. 011111111111389.

116111, 0611111111 1. 81111111. 11. 56.

11611111111111111. 11.

11611111 1111111112.

11111111 11 1111111. 76.

11111111, 811111. 188.

111111, 1. 11111.

1111111111, 81111111 111 111111. 7.

1111111111 Vl„ 611111, 11611. 178.

1111111111, 1111111111 11111. 106.

111111, 1111111111 11111111. 177.

11111111. 100. 102.

111111. 513.

11111611111111111. 316.

11111, 111111. 97,

1111-111111111211.

1111111111. 18.

111116111,11111116·. 328.

1111161111, 8116111. 99.

1111111111, 1111111111. 299. 361.

1111111111 327.

1111111111,11111111111111111131.
283.

1111111111. 290.

111111111ε111-11161. 878.

111-11161. 378.

1111111, 111111. 81.

1111161. 386. 389.

111-’111116111108

 

