1111. 337

11111111111111111111 11111131113111111, 1111 mir geen Comorn
11111.
g 1111 1111111111111 111 0111111 11113111 geon 811111111111111

1111111, 11 111 111 (111111111111 11111111. 11111111111111111111
1111 11111113 111111.

1111 8111111111111 111111111111131111 1111111111 3111111. 111111.
Da 11 1111 1111111111111),11111111 111 111 111111 leger zu 11111,

1111111 geon Τ11111111111111(ΒΙ. 3247 1111111. 11111111 herm
111111111111111111111,11111111111811111111111110111111; 11111
1111111111111 Ρ11111111,11111111111111111 11 0111111111,1111
1111 (11111111, 111 1111111111 1111111111111 11111111111111111-
1111111111 Die Emphienngen mich 11111. 1111111111111. 111 1111
1111111111131111111 1111111 8111111 1111111111. Ν111111 1111111
lagen noch 111111111, 111 11111 mir nit 1111111111 1111, 1111111111-
gens 1111. 1111 8111111111111111111111111 1111111111. 11111131 -
1111111 11111111 ’111111111111111 111111111, 1111 11111 paud 111-
1111. 1111111111 11111 1111 1111 3111111111. 111 11111 111111111 1111111
1111 11111 111 111111111113, 11111111111111111111111111111 1111
8111111 111111111 111111Ν1111111. 11111111111111111,1111011111
111111 1111111111111111111111111 (111. 324⁸.) wollt leh 111 111111
111111111111111111111111 nemen. 1111 111 111 111Η11111ς111111,
111111111111111111111, 1111111111 1111111 geon (1111111111 1111
1111 1111 gaen Clam, 1111 1111111111111 11111111111111111111
11111. 1111 1111111111, 1111 11111111· 1118111111. 1111111111
11111111, 1111111111111. 111111111111111111 81111111, 1111111111
1113111111 11 111111111 11 111111, 1111 111 011111111111111111,
111 mir nacbgezogen‚ 11111111Ν11111111111.

111 1111111111111111111111, 11 111111 11111111, 8111111111 111· 21811·
men, 11 111 111 1111111 1111111111111111. 11111111 11111 111 311111
111111 111 1111 wider in grassem 11111 3111111. 1111 1111111111 111
mir sein gnad milgelhaillt, 1111 111 11111 111 111111 111111111111111,
111111 111 111 mugen 11111111, (m. 325⁰.) 1111 1111111, 111111111
1111111111 11111111, 111 111Τ11ς11 1111111111 11111 111111111111111
111111, 111 1111 1111 ye nit 11111111111.

ν-..ῃ-υω--η--ι-

¹) Die 1111 11111 11 1111111 1111111111111111111111111111111111111111111
1111113. 11111111111111111111111 11111111.1111111.2, 1112.

Fontes. 1111. 22

 

