1113.

(Bt. 356⁴.) 1331133331313.

111133, 113133, 33133333. 11133311 3131131, 13 3331333133 13
333331 Ordinatio (311 3333333 1331333113133 3333111133 1313133 1131,
13 3333333 1131333 11311333113133( Wienn zugebrauehen 33331133-
1131 gern vmbgeen 3311133, [11333111 3131 3133113133111331333333
33331111333133333 3331 1113113133 13333333313333 halben 33 13-

331313113133 33331333, 133 wir 131333 Person 113331331311333-
331333311113333 3133 mugen, 3331 3133 33113133 311313 333 33331333(
333311333131331331333331333113311, 3331 313 nit 33311 331333,
33 13 1131133133 113133313331133333 3313333133 1333331, 133
3333, 3333333 1333133 3331133133 311133131331131113333333331333
31331313 83 131 1333331 33 1131 333333 33331133 33313333 3331
133333, 13 3311331 1131 333311 133 3331333 3333333 333331333133
1131333 111133, 11311313113331331131333333133 (Bt. 356⁶.) 33-
133311333331331333133113333, 333131133 133, 33 dem wesen 33
333133113333 mag, 3313133331133 333133333331333 3331311113
(3313313133, 3331 1133133 13 1313311 133 3111333133 Not 3331 33133-
1131311 3333 33( 33313311131333 3313333331 1333333333 1311133 3331
33331333, 3331 3113331131133 133 13331 1133. 313131333113133
131331311331333333111311331133. 3331313 33333 33 113 33331133-
1131 33333133 3331 333133333, 1331 33113133 gegen dir mit 33331333
333133331133333333113133331133 331133. (13133 3311 3333333
11113133113133 8311333 hag, den xxvij. Juny. 1333 313. 13111111,
33333333113131 133 1113133133 133 [1333331333133 3331 1333331333
113 81133331333133.

11133333311313133 1111313 313.

Eur Kw. Maj. 13331133 mir 33331333331133113133, 133131
33311333133311. maj. 333331333133 1131333 111133 113 1131311333133
(111. 357·.) 1131333333133 3313331133 3331 331333133113333, 3331
31133 133, 33 dem wesen 33 3331333 11333333 mag, 3313133331133
3331 33333331333 mich 333131111333313313133 3311 313. 111333333-
11313133 1111313, 133 131 mit 3333133313313311333113333311. maj.
gedienndt, bezeug 131 mit (131. (13131313 mich 3331, Ε. 1131. 13133
133 313 33331133 3331 guets 313333. 1131 11313 131311 3331 33313-
1131311 3333113133, wo 131313131313113333331311, 333 333333131133.
1313311313133313111 1131333 3331 mit viu 1333 abgam-hait, khan

 

