156 1111. ‘

11111 111 1111111111 mugen 11111 1111111113 [111111111111111
nugs 1111 1111111111111111111111111.

Item 111 11111111111111111 11111, 1111 1111 11111111111111111.
111111 1111111111 111111 111111111 111111 1111 111111 11111 1111
pass 1111111111 1111 1111111111 1111111111, wollt 111 11111111 1111111-
1111111111 gunt 11111111, (BI. 1111111111. gn.. 11111 11 1111
’ 11111111111111111111, mit 111 111111111111111111111311 frid
11111111. . ι

11111111111111. gn. den Khunigen 111 11111111111111111 1111
Pollu, alls 1111111111 11111111 1111111, 111111 1111111111 1111 11111111-
ν ten 1111111111, 111111 sy mit 1111 111111 1111 1111 111111 1111111
1111 111111 11 gunter 1111 11111111111111 Ν111111111111111 1111111.

81111111 11111111111111111111 111 1111111111 1111111111
1111111111 mit 1111 111111111111 11111 1111111, 111111111111 1111111-
11111, wie sy 1111 111111111111, 1111 11111111111111111111111 11-
11111111 111. ’

Datum (11111, Phintztng 8111111111, 111 111111111 tng 1111111111,

Anno 111. 111111111111111111.·
(1111 1111 8111111111113 1111111 1111111181. W. 111111. 10⁰⁸.)

(Bt. 100⁶.) 11111111, 11 011111 111 instruction 11 ⁴
11111111.

11111111] 111 11111111111, 11 111 1111111 1111111111111111111
Khunig Carlen 1111 111111111111 11111111111111131111111, 11 11111ι
1111111111 autgezogen 1111 111 1131111111 1111, 11111111 mitten zeyt
11111111 1111111 1111111111, haben 111111111111111 in 8111111111
3111111111111111111111111111111 dise 1111111111111111111 11131- »
11111111111111 1111111111 11111111 <

Item 1111111111 1111 111 instruction, 11 ny 111111, 11111111, 111
1111111 1111111 1111 werbung 1111 11111111 1111111111111, 111 1111 111
1111111 1111 111 1111 11111111, 111 6111111111, 111 1111111 1111111111
Η111 11111111 0111 1111111111111111111111111111111, 11 111111 Η111
Sigmundt 1111 11111111 mit den 1111111 3111111111 111111111111111·
gen, 111111 sy 11111111 auch mit 1111111111(Β1.11111“.)1111111111-
bung 111111111111.

1111111 11111111 11111111111111111, 111 darant gestetlt sein,
11 11 1111111111 1111, 1111111111 1111111111, 11111 mit 1111 11111111
1111111111, 111131111111 1111111 Khunigenzw Hungern 1111 11111,

 

