16⁰ 000οζ

(1111011.) 11000 0110011001010000100 100 0001000 zw -
11000001030010, 0100 000100 103000 11110, 01 wir 00110100 0111000100
00000000 0001100000 103000 10030300 11001

Item 01 000001 3000000110 was 000 00001010000110 0100 10-
30010, 01 wir 011 10030300 0001 111100 10001001

Item 00011000 vill 30001, 0110 wir 00000000, 01000 0100100100,
will 0000 010 00000 100100 001000, 01001 bey 100 10000.

Item 0001100] 30000 3000100311, wie 100 brief 0001 1103111.
0130003 301001131 0010, 000 101 101 100 01000; 000000 00110100 100
100000 3010111 dom Lanndtsfflrsten anzuzaigen, 1000110010 0001 11010
003001 100000 0001010010.

So 1001110011000000010000100000010001,00113010-
00000111001101100010011031.10010101000001001310

(111. 106⁸.) 101 100 1100100 0011011 will 0000 [tem 103000 0101
1100 0001 1010110100 00000000. ·

101100 0001000 0011011 001 110000 1111011000 8010010010·
001100 werden, 00 10033 mit 100 3000001100 von 100 0001000
1000100 zu 10001100, 01 man weeg 10100 001011, 10011 110 0001
1100000110 zu 11000, 100100 10010001000111010003, 300101100010 -
110 0100 100 0101110001110, 001100 110 3000001100 0001000003οο
3101010000100 01030 10100, 00010011 110 00010003, wo die von 00100-
00101 000100100100000011000101001111300 0011100, 100 110 30-
00001100 011 10001010000100 0111000100. 1001100 man in 100 110100
0100 0010111100 110 10001 01011 0000100101 0001010000100, 0000100
0000001101 110 1111001010000101100100 100010 000001.

11003000100010000300 zu 100 11001001110000, 110 10 zw
11100100 0100 0001000 1100100 0100011 30100 wolsten, 100 sy 1000
01011 3000 11100100 31000300, 0000100 ,100 (m. 105⁸.) 1100100
[0000010101οη 0100101000101000 1101000031030101001 000οἰ3100.

1001 00000 sy 000 zw 0000000300011310100 100300 110000 110· ’
meu, 001010000011000 1100001010100,1101000101οι001000000 00 0101
1000100300 wollt, 00001300 0001 1011010000, 100011 11010 0100011
gegeben werde. ‘

110 0100110 000 0010000101 10 00110100 01011 1001111300, 0001
110 vom 1000101100 110000 30 100 0000100011 10100 wauton, 00
001100 sy 000000 (1000001100 0001110000 0001110001100 000100οἰ0

 

