1⁰⁰ 1111.

111111 111111111111131111 11111 11111111 1111111131). 1111111111
man drey 111111, 111 1111111111 1111 1111 11111 111 8111111,
mm 23, Pottnstnin genannt. Von Η111 111111 111111111111 11111111111111.
(11) 8111111111111111111 1111111111 Grafeuberg‚ 111 311111
flegg. 1111111 111111 1111111 111 (Βὶ. 26⁶.) Nnmberg, 111111
111 811111111111111 heheu.
1111111811. Nnrnberg ligt 1111 11111 11111. 1111 1118111 11111 man 1111
(“·) 1111111111. Die Pegnitz 111111111111111.

111111· 11111) Am 81111111111111111131118111111111,11111111111111
⁸⁸⁸⁸ ⁸⁸5:)⁸ guen weissenburg· ιι1 11111111, 11111 111111 11111 111111 geon
⁸⁸⁸⁸ '2⁸⁸⁸ ‘¹3⁸' ⁷ Τ111111111111. 11111 111111 11111111 111111111111,81111111111,
1)Ἣῖζέἓὲὲῶ 111 11111. 1111 91111111 11113 111 111 11111111, 11111111 11111111

911111111111311111 113111111111 111, 1111111111 111311111111111
1111111111. Des 1111 11 1111 111 111111 1111111111 1111111111
11111.

111 atu-dvm ¹⁰· (11111111111111,81111111111,113111111111,111 81111111.
11;111(Η’) 11. 11111 geon PernPeurn 1), 111 11111111181111111 111 Augspurg,
mmfflnier 111111, 11111111111111111111111111111111113111Τ11-

1111111.11.(11.)111111), ist Τ11111111, 1111 1111111.

1111111111 111 Τ1111111 111111 111 wider 111 11111 11111111.

1111 1111111 tag. 11111111 1111 (Βὶ. 27·.) 111131111111-
111111. 1111, 1111 111111, 311111 11111 (111111 111 111111111. 111 811111,
11111 ligt 111 8111111111111111111). 11 111111111 1111111 11111111
1111111111111111. Von 1111111111 11111 11111111111111 11111111 tag
1111 1111111111, 1111811111 111 111111. 8111111111181111111111
1111111111 111 1111111 Η11111111 1111 111111111. 1111111111 1111111111
1111111 111111111111 mit. 1111 1111111111 11111 11111111111 im
⁸ 8111111. 11111111111111111,1111118111111111111111111
1111111 1111 mit 1111 1111111 11111111111111 111 11111. Ν111111ι
11.111.11.(11.)Ν111111111 1111111111 11111 Μ1). 1111811111, 111 111111. 11111111
1111311111.) 1111 11111 111131111111111111. Danu geon wangon, 1111111111,
111111111111111. 1111 111111 1111 111 11111, 111 1111111 81111111

11111111. (11) 1111 1111, 1111 Τ11111111, 111 81111, 111111 dem 1111111

¹) „va 11111 11111111 11111113 111111 111111 11111111111 111 111111111111
1) 81111111 111 81111111 111 1111.

³) 11111111 1111111 111 1111111111.

1) 11111. 111111 11112.Ν111111111 1516, 8. 1111. 1111111111 1).

 

