2222-2222. 255

2122 1123322 2221 11121221, 1221 32122221223 1222 8131 2221 .
Ρ21122121122221111212222221 22212222 1122 nieht 12222, 2221
1121222, 8222122 23 122 21122 2221 1232112122 122221112122 2221 22
122223 3212222122, 322122222 2221 322212112122 12123 1121122
122222, 22212121 122 211 221222, 2221211222, 2221 1221122 2111122,

2221122222112 22212222 221122 322121122, 12 1121222122, 2112 1121 ’

212222 1232112122 223 222222 2221 122 1121212 2212122 223221 2221
212211, 1221 212 Peon, Ν12211121 21221213 2222211 1111132 321112 22222-
2221122, 112 21212122, 22 2111 22 1212221121 1122112211221, 12112 12
222222 22211221121212 (1122222 2221 122 2221222 halben (111. 225⁸.)
thail! dem 21322222122 222112212221212, 3212221222 22212211222,
2221 1222 8211212212112 112122 2221 122221122 11212222 11212212
112213 2231, 222111221121 2212221122 222121122 2212 2211. 111122112211
1122 1212112, 122132111 211222222211121222112122221222322122 122-
2131. 112122 12 222222 812182221121112221222, am 2122122 123122
2222121222223. Ν221 8121211, 22222221212212222, 3212212 11211-
2212212212212221122 2223222122212121312122, 22222222 1121212 122
1112122122 im dritten, 2221 21122 2221222 im 82212122 12222.

11222 1111221223 221122 1121212123,
1522.

111222111122 112221112 Κ121222 222 11221212 122 1121212123 2111212
122 1121212 12221122322 2211 212221121212123 3222 Ν11221223 221221·
122 2222212122. 1211 1222211221121212123 22112111 mich 1121112211.
Durchl. 12 1222222122, 12211121 122 8122211 2221 8222122 122 Η222
0212222121 (Bt. 226³.) von 2212221122211. 223221211122 2211. 1112,
121212 mall 1212 122 1121212 22222211223 32222222 112, 11221122
821211221222 22821121223 3222221122 222112322122 ,121 2211 mit 1222
212 8222122 2221 112 222122 221222122212, 122112212222 Η222 2221
212112 22 2212222 1122112232222222 2221211. Das 121 21111221112211-
11322. 11222221 2212 211222 22222211223 Ρ2212211221; ,2111 1222 2212
8222122 21132122222, 122 2212 212112, 22 1212221122222, 2212112
1221111322, 2221221212122 221112.“ 112232322 22312; ,121 22112132
2111112 1111121, 2222 212 Η222 221222 112222 22 2121 22 2212 2211122
21132122 2121 122112222 2211 2122122 12222 22212221222 22221222.1
. 1122 322222112 1122122 312223 1221112222. 121112 2212112221-
22212121312122112213 22 Ρ2112221 2223221122. lm 11232 112221 mein
11222 22112 22 dem 1121212123.

 

