888-8888. 1101

81818 8881 11888188 18888118 188 3888188181. 1188 888 8811 83 88
1888883388 8111118188888. [1888881 88388 83 8811181888 8881 18881
188 111881188818118 11811881 18881, 1111 3888888 Ν8811811 188
1888181881 1188188818188188881811818 8811. 11111 381, 1881881833
88888 811 888181881188 88118 8188818181 118 8181188188 888311181.

(881688) 18188 11140““ 188, 11188 881 188 heiligen 1883
118813183, 181188188881388888881113 1181888 11881, 188 1188888
188 18811, 811188 181888311881813883881888 81188381818818181,
118813 1888183118, 3888888, mit 388 88813 181388181, 181 388 1818
1181838881811381811. 11881818 888 8831, 883188 118 888881. 118 88
188118813888 18888188181 mit 118183, 18 8881 mit 188 3888888 188338
881188811111 1183188811 81138818888 8881 8881888 88811, 8881188 188 ’
1181888 8188811 88 8188811 888, 18 3811 18881188118813 8818888188181
88188881, 118318881 88 8188118888, 811 1811318111 8881 811118188,
8881 888888818188181181118881388111311111 8881 883 88 8188118888.
1888181188181818111181888 11881, 818 888 381 183811811388188,
pald 8888188881. Τ18111881 8181118831818188, 818 8881 8188 Ι888-
8188818 881188188 1888188888 88881183. Ν8 waren 188 1188138 888
18888818818138881818188 3811 1188. 118 11811 8818883111818113811,
38188 8881 118188 81188 818188, 188 (1181883881188188188818, 11818881,
18188811,88818881118188818881,18118388881118888388 188888181881
888188 881188, 1188 18811818888881888811 81118 118881888188,
8188881 83188 8811181 8838118188, 8888188 888881818881888111-
83881881881188138818188 8818. Ν8 183 881881881118888188 8881188
111188188811 188 11881388181 188888188181 8188, 188 88818 11881888
811 38188831188 888811, 111188811 1881888818888 mit 188 1181888 811
11813 818, 8881 3881818 818131811Ν888888 88 18118 8188 88 18888388
888, 1188 1181888 11881 1811811888 1188888 8811, 8888188181 81811188

¹ zeitt. Vnnd 818 88 118813 1888818831 18 18888818818118811818888 81811

18 8138881188 Ν11881881 88818881, 8881 83 8881818888 188 1181888
8818 dem 1888188888 88181188188831, 881 81118888111388 81811 118181
8881 8131 den-halben 88 8181 18881118118, 8888111188 1888818888 88
8818888 88188388 dem 118188811881118188118811818 3818818111 8881 11888
1818118388188 88813888 ‘Wie 88188188818, 88 lm von 881888
8818888 11881188181188, 1881883 11881 888 18838811, 8811181 88838·
81888188 88888, 888 1888 81181188 8881 18811888 18888318818188188-
1188888188 88811188. [1888111388 188818 (Bt. 65⁸.) 18118 88818
118813 18188 18 8818881188818, 188118 11818188 81811 18 81188 Ν1188-

 

