444 1111.

11111 wider 111 1111111111 1111111111, 111 es zu 1111111111111. Dan
1111111111111 ‘ey 111111 jetz 11111111111111111. Kunig Κ111, 11
1111111111, 111111 11111111, 1111 11111 glauben, 11111 11111111 1111111
11111. [1111111 11 1111111 sy 1111 1111111 111 1111111111, 11111
Menigfeltig eusgelegt 11111, 1111111111. Vnnderstuenden sich 1111
1111 1111 111 11111111 311111111111111 11111111, besamung.
(Bt. 18⁶.) Conspirneion 1111111 111 11111113, 1111111111111111
11111111 11111 zuerwssrgen.

Vnnd 111111 111 11111 111111111111 111 11111111 genn 11111
Regement gethan 111111, 11 1111 1111 111 111111111111111111
1111111111111111311,1111111111111111111111111,111111111111111
1111 111 1111111111111111111111 getorsen. Berueffien 11111111111
11111 11111111 111 1111111111 Tiro! lent 111 11111111, 1111111 demit
1111 11111111 1111111111 Zum ersten 1111111111 werf, 1111111 in diser
lrung die obrigkeit dem 1111111111111111111111111111111 [1111111
111111 111 11111111[1111111111311111111111111111111111111111111
11111111111111111111111111111 [11111 zen 1111111111 11111 vastant.
Dan 111 11 glauben 1111 111 111 11111 geret, 111111 kain gedachtnns
11 hung, 111 111 11 111111 1111111111 11111 111 11111 311111 111111.

Ν111 langen 1111 1111111113 werden 11111111111111111 111
11111111111111111111111, 1111 111 111111 11111 1111, 1111111 in 111
11111111111 1111111111111, 111 111111111111 geben 111 nemen,
demit 11111 111111111 111 11111 31111111 11111111 11111111 111 1111111
31111111 wurdt. Dan 1111 11111 111111111111111111111111 11111111,
111 pomp 1111 111 vbermuetigkait. 11111111 111 1111111111111111111
1111111111 1111111 ¹), Jakob Kuen 1111111111111111 111 1111111111,
111 ,11111 0111111 gen 11111111 111 11111111111111111, 111 111111
Werbung 111 1111111113 1111111111 111 111111 11111111, (Be. 18⁶.)
1ο werden diselbigen gesannten 11 dem 111111 111 vnn-hung, in 11111
1111111111, 111 111 1111111111 1111111111111 mit spieseen 1111 1111111
also vmhgeben 111 111 gar 11111 11111111111111111111111111111113
1111111111. 111111 11311111111 111111 1111 1111111111, 111 1111111
111 11111 11 111· 31111111111113111111, 31111111111 1111, 1111111
111 11 11111 1111111 111111111111, 111111111111111111111111111-
gen. Vnd 11111111111111, 1111111) 11111111111111 gehebt 111111.
Dan 1111 11111 1111 111111111111111 vergunnenzejagen, 11111111 1111

-ς-η--ι--α--ο-

¹) 11111111 1.

 

