364 111-1111.

instruction fflrbringen 1111 mit 11111111111011111111111111111111
1111 0111111111111111111111 11 11113111, 1111111111 [1111111111 11
11111111, 11111 111111111111111 111111111 helffen, 111 11111111-
gung vnnd volziehung 1111111111111111311 1111111111 11111111
1111111111 1111111. Das wellen 111 11 111111 gegen dir 1111111111
1111 11111111111, 11 1111111 1111 11111 1111111 1111111111111 111111
1111 mainung. 1111111111 11111111 Khilnigclichen 8111111 ng, 111
11111111311111 1131111111, 1111 111. 11111111111111111111,

11111111· 111111 111 1111111111 111 1111111111111 1111 1111111111
im 111111111111 111.

(S- 360⁵. 1111111.)

(11. 361⁴.) 1141.

11111 01111111,
111111111311111111111111.

Am Dreyzehennden 111 February 11 Wienn ausgezogen. Nach
Wisternitz in 11111111, 1111 1111111, 81111111, 111111, 11111 ’1111111
1111111111111111, durch Ostra, 1111 1111 11 1118111111111111
1111111111, 11111 mein mitverwonndton, 11111111111111111111111,
111111, 111 111 111 111. maj. 111. 11111111111111 mir 1111111111
11111111111111. 11111 geon 11111111, 1111111111, 111111111111111
1111111, 8111111111 3111111, 1111 111 81111111111111111111111
geon 81111111.

. η. 11111111111111111111111111111111111111111111111111,

111 111 11111111 11 11113 im 811111 111111 111111 111 311111 111111,
11111111 111 1111111111 Khssnigin (empsanyen worden).

(Bt. 361⁸.) Wir sein 111111111 1111 11111111 brief pand
verglichen gewest. 11111111 3111111111 1111 11 11111113111111113
1111 1111111ςί1 11 [111111 11 111 Ρ1111, 111 1111111111111, 3111111111
111111. Der 111 111111 11 11111 11311 11111. 1111 111111 111
(1111111111111111111111111 1111111 1111 111111111 111111. Der
1111111111111111111111111111, 1111· 111 8131 111111111111311111
nit ausgetruckht, 1111111 111111 11111111111111. 1111111111 11111
11311 111 11111111, 1111111 1111111 11 1111111111, 111 man Ρ111111
11111, 11111111 111 8111, 1111111111 1111 11111111 11131111. 111 gar 111
grosse 1111111111 111 Acmen Vnnderthonen.

 

