942

9911911, 9119119111. 9199111911. 89.
91991999, s. 0991999. 91999911,119ι. 9911999191ιῦ
919999991193111199919279 97.
9199919,1191111199119.409, 99999911, mig Ch'istiem 9
919911999911.191. 89. 92
9199199111. 990. 91999911, 9111191199 nauigia&
919111ε81991οἵ919911. 989. 988. 99999911, [9913199999 199. 97.
919919. 497. 91911193999111. 274.
91919999. 477. 921. 99119119191111119919191999119. ’
9199 9. 279. 111911. 1199991199. 912.
9119191,119114991999,91991191191 unnim„ 99.
919111. 292. « 9991919. 179229
91991199. 49. 199. 498. 489. 487. 99919911131999,919. 91.
91999199, 9999 499. 479. 9119119991, 9919199999. 109.
9191, 4111199199. 224. 999113. 274. 279. 990. 979. 989.
9191, Ant. v.. 91111 zu. 811911. 297. 9991111191. 221.
9191, wilh. 199, 11911 199 99191199. 9911199. 114.
198 199. 209208 219 224. 499. 99199191, 919991191919199 9991-
9199191, 91. 1491119, swam d. 19 lius 1. 129.
sigism. 1. 1. Polou. 979. 979. 999 91199119. 191.
91991919, im. 990. 991191, 9913. 99.
919999. 279. 9991911999. 98.
9911191919811199199991991199. 99919ε-911991,8911999988
919911. v. 1991999999. 94. 99911111199199. 404
99119, ainhun 979. 99911994119911911. 299. 1
991911. 289. 9991991191οῶ 299. mm
9991119199, Agna. 400. 419. 9191119. 990.
9991119199, 11999. 999409. 99919999113. 119.
9991119199,99111919-8911119.404. 9191919911191191,92119191111.999 1
9991119199, Belou-Alexndrum& 9191999919,91..19999999.9111.
409. 9191991919991919991319497. ¹
9991119199, 9911.,1191199 0991911119 9191119191919, Siga 199 291.
4999. 409. 299. 904. 442. 419.
9911119199, somna-Agatha. 400. 9191119, 9111119. 9.
9991119199, 119999999199199. 409. 911119199299.
9991119199, 49911919-111991991- 9191991991. 299 494.
91111999199199. 402. 91919 114.
9991119199,8911991199999402414. 91999114.
919199, die. 924. 91999114.
9191199. 209. 909. 9119991999. 99.
9191999119. 910. 911991, 89111999. 988.
9191991911199. 121. 99191191,91999.190.279.287. ¹
9199199999. 297. 289. 99991191999919919911. 978990
9191191111, 11911 9111911. 941. 999199999999919999. 190. 270. y
911119191999919111911111910. 279.

1
1

 

