544

81111111, 181111 81111 1. 111
811111111111. 529.

8111151111,,111111111111 christiam II.
vamQQffiffiffi

Elisabeth, ’81111111 81111. I. 1. 0111,
11811311 181111. 293. 344. 345380.
385. 389.

8111151111,11111111.54.

8111111111. 250.

811111. 298. 317.

· 11111,811111.220.

8111, 81111. 288.

8111111111.,11. 1811111111. 197. 224.

1111111111. 222.

81111111, 8111111111. 0111111411.

8111111111, 11111, 11111111. 11111111-
1111. 257.

81111181111, 111111 111. 455.

Ε11111111111,11111011131.140.

8111111111 11, 8111111111-18111 111.
81.

8111111101τί. 299.

8111118111, 11111 von. 409.

Eme, 11111811111111111. 489.

1111111, 1111434.

8111111111. 312.

En, 0111111111811111111111111. 31.33.

En, 0111111111, 1111111 011111. 30.

En, 81111. 243.

En. 81111111801111111111111. 18111
30.

1113111111. 424. 512.

81311811111111. 107.

811111111111, 3111111, 81111111-
1111. 5. 0. 111111. 111111111111.

81111. 105.

8131118111, 011114. 413.

81111111. 140. 448.

Iugum, 115111811111111 VIII. 198.

1111111111. 478.

11111. 289. 317.

81111111111, Dr. 1111111, 81111·
11111111111111. 311.

8111118111, 01111, 011111. Pil·
1111110110.

81111111, soh. v., 11115111ῐῦ18. =

Erasmus 111111111111111. 453

81111 == 11111111, 811111. 221.

8111111, Simon 111, 811111. 1. 41111 ’
414.

8111111,811111.311111 von, 1111111111.
v. 8111. 404. 400.

81111111, 11111, 8111111 zu neidling. ,
54.

811111 11111111111111113, Herzog. 74
7879. 98.

811111, Thomas 8., 811111. 1. 304.

8111111111θο

11111111138111111111111. 311. 312

81111, 11111. 1. 811111, 81111111 111
8111111. 413.

81111,11111. 1. 1111111111111

8111111. 250.

81111. 495. 518.

111111 11 1111111111. 97. 98-

Eeslingen. 100. 247. 249. 480.

8111. 433.

811111,οἰ1,;1111111. 313.

811111, 81111. 177. 178 223 428.
437. 449.

8111511111. 425. 443. 401. 501.

8111, Gabriel 111, 8118111118111·
111111. 84.

81111111ε111111511111. 98.

8114, Dr. 11111111. 400.

81111111111,1111111. 85.

8111111, 11111. 92.

8111111111, 81111111. 184.

8111111, 0111111111. 527.

’ 8111111, 811111 14111111, 1111113 11

8111111. 308.
8111111, Capo- 188. ¹
8118111111, 11111 Iovinus 111. 80.
8111111151111 0111. 79.
81111111. 172.
811111. 429.
8111111, 11111. 91.
81101111111.1.011183.142.150.
157. 184. 192. 193. 210. 211. 212

 

