Ungnad ...... 11111111. 180. 183.
103. 200.

111111. 208.

111111, 1011111101 011 1111111111
11111. 00.

011111101111. 131.

11111011. 110. 321. 327.

111111. 272.

11111, 11111. 110

111111, 011 0111111. 70.

11111. 287.

111111311. 210.

1110111011. 170. ,

11111111 111111, 111 118111111-
111111. 113. 110. 102.

11111,11111. 287.

1111101110. 300.

11111 1111111. 022.

1111111311. 120.

11111111 ε111111ς11. 120.

11111111, N. 283.

1111111111. 380. 388.

10101, 011111 01, 8111111111111
11111111. 01.

1111, 0111. 110.

1111111111. 320. 320.

11111 111111111011. 101. 010. 022.

11011 Ρ1111. 110.

811111 1. 11111, weingarten 1. 1111-
10181 08.

81. 1111111111111. 318.

81. 1111, 1101311 8111111111, 103.

11111,1Ἰ111.270.

11111111111, 11111. 110.

’ 1111111111. 111.

11111111. 180.

1111, 01131111111111. 100.

1111, 11111 1111111111, 811111111111.
201. 307. 328. 331120113100.
000. 010. 021.

11110111111111, 11111111 0111 111.
100.

1111, 11111111111111. 100.

11111111. 100.

11111111. 011111111. 173171.

070

11111111, 1111111 11111111. 100.

1111013, 81101 110 111111Ιί1. 72.
73. 118100. 170. 170102103.
123120. 133. 131. 010.

1111111, 1111111. 170.

1111111. 172.

11111111111111111. 70.

111111,111111, 30.

11111111, 11111 8111111, 11111111.
202300.

111111. 73. 223128. 120100. 131.
132. 131. 130. 130130.

1111111, 011. 320.

1111111. 287.

111111 ..... 1111111111, 1. 81111.

1111111120.

11111111, 1111111011. 027.

1111111. 73.223.131.133.131.

11111, Franz. 200328.

11111111, 3111, 0. 1. 01111111. 80.

1101111,1’1111.110.

111111,11111111.

1111111, Thomas, 111 111111111111.
(11013111 1181 11111 1111111. 11.
01.

1111111, 11111. 110. 280. 287. 320.

1111111. 130. 212. 270.

1111111ε111311111. 222.

1111111. 318131. 033.

1111111111, 11111101101110. 180.

11111. 280. 287. 320. 320. 11111.
111111.

11111, 11111. 270287.

11111, Paul 1111111131111. 300.

1111, 011, 11111. 102.

1111111111. 203.

1111111, 01111111. v. 11111111. 200.

11111111110,11. 81.

1111111111011, 81111111. 112.

11111. 170.

1111111111. 100.

virgil 11011111, 0111111111 111111.
100.

1111111111, 011. 320.

11111100. 201. 331. 330.

3⁷⁰

 

