811111, 8111111. 209.

811111, 011111111111111. V. 110.

811 nr, 0111 1111111. 80. 282 329. 331.
331. 330. 337. 300. 381. 109.

81111111111. 101.

8111111, 0111111111. 273.

Salomon 111 1111111111. 10.

811111111581. 811111. 219.

8111111, 81111111. 221.

8111111, 111 81111111. 91.

“ 81111, 1111. 1., 01111111 111 0111111.
270. 291.

8111111,111. 301. 320.

salzburg. 81132. 217. 203. 208.
303. 303101.

81111111, 8111111111. 130. 117.
211170.

81111111, 01111111-011111111
1111111111111. 81. 130.

81111111,111·11111111 11111111 111
1111111111. 83. 81. 100111.

81111111, 8111111111 1111111111 1.
132. 113. 112. 110. 111.

81111111, Dorf. 201.

8111111111. 287.

8111111111. 270.

81111111, 811118.

811 111 , 0111111 1.11111111.370. 372.
371. 370. 377.

8111· 1111111 11 111811111. 331.

811111111. 131. 321. 327.

81111 = 811111. 278.

8111111,1.171.

81111 0111, 1111111111. 181189.

81 pur, 1111. 273.

8111, Hieronymus. 301.

81111111,1111, 1111111111. v. 193.

81111111,11111. 181.

81111111, 11111 1111111. 113. 111.
81111, 1111011111111. 171.
811111, 11111. 222.

8111111, 111. 371. 378.

811111 , 1111111111, 1111111111. 113.

8111ὅ311, 111111. 111. 113. 110. 218.

171

811111, baur„ 11111111. 391. 391.
102103. 100. 110111.

81111111111,111. 112.

8111, 111. 383.

8111111111, 01111111 11111 11.
131.

8111111. 2211931011. 111. 119.

81111111111111111111. 131.

81111111, 11·--Ρ1111.1.111111. 129.

8111111111. 179.

81111, 111. 323.

811111 8011111111. 222.

8111111111. 107. 203.

8111111111, 1111111. 8111, 0111111
111. 217. .

811111111111,11111011111111111.
103.

811111111111,111111111111.103.

811111111 1118111111111, 111111.Ι
127.

811111111-Τ11Ι. 119.

81111111111111, 11111111. 103.

811111111111.

· 8111111111. 200. 281. 289. 322.

323. 328. 311.
811111111111. 209.
8111111111ε811111111. 210.
8111111111, 0111 01111 1. 110.
193.
8111111111,11111.111111.131.
8111111, 1111111111 Karna. 271.
81111111, 01111, Dr. 013.
81111111. 310. 313.
81111111. 03.
81111111, 11111. 110.
811111111111, 111111 111. 101.
811111111111, 11111111111111111.
311.
811111111111, 11111 11111111. 133.
811111, Antoni. 100107.
8 11 1 pp 11, 011111111-1111111111. 301.
8111111111111. 321320.
8111111111, 0101111111111111111·
1111. 217.
8111111111. 129.

 

