ι 1111 105

1111 1111111111111111 811111111 ¹), drey 111111. Am 1111111 111 1. November.
Nouembr durch 11111111 111 1111111111111111111111111111111111,
ab 11111111111111 1111111111111111111 111. Sy 1111111 11 1111
8111111 11111 1). 1111111111 1111111 1111 81111111, 1111 11111. (1111
Pregnitz 111 11111111, 1111 11111. 1111111111, 11111111. 1111111111·-
’ 11111111111111. 111118111111111,111111111 Closter, (Bt. 35⁶.)
111 11111. 1111111111 11111 1111111111 1111 geon 01111111, 111 111111.
1111111131111111 111 1111111111, 11111111. higt im Hegaw, 111
1111 111 01111111 1111111111111111111111 11111111 1111 1111311,
11111111111111111111111111111. 111 1111 1111 11 1118111111111
Part. 1111111111111111311,1111111111, 1111 1111 111 111111
geen 11111111811111 1111 Stat deren 111 8111111113, 111 111111.
11111 11111 1111111111 ,1111111 11111.ει Ain balbe 111111 11111 111-
1111111 111 11111. Von 1111 geen 1111111111, 111 11111111,111
0111111111111, 111111811111111111. 11111 1111111111111, 111
’ 111111, 111 11111 1111. 11 111111 1111111111, 111111111111111111111,
1111 1111 wider drey 11111 geon 1111111111 111111111, 01111111-
111111. 11111111 111111311111111111111. 11111111 111111111111
11111111, 1111111111111111,1111 1111 1111 111 111111. 1111111 111111
11111111111111 1111111111 11111118111111. 11111 1111111111111
11111111, 1111111111 8111, 3111Ρ111111111, 111 11111, 111 (m. 35⁶.)

81111 1111111111111. [1111111111111 11111 81111111111111111 1111
8111111111111111 ⁸). [11111111 111 111 11111 111 [1111111. (1111
01111111111) 1111 81111111. 111111 111 ligt 1111 81111 011111Ρ11ε.
111111111111 1111111111111111111) gezogen. 111) 11111. Der.
111111111111 geon 1111111111 ⁸), 81111 11111. [1111111 ge'en 11111111 7),

¹] 1111111811111111 11 11111111, 1111111 111 1111111111. 1111 81111111111·
111111111111 11 111111 111 (11111111111131111 1110111111111111111111.
111 1111111 1111111 1111111111 1111111 11111.

²) Hugo Graf 11111111111111111111111 111111 1111111111, 1111 111.
111111 1. 111111. 1111. 1111111 (11111. d. (111. 1. 111111111 11111111·
berg 8. 117. 1111 1111 S. 1111111111 111111 1111111 1111 11111111111111
11111111, 1111111111 1111111 1111111111 v. 11111111, 1111.

⁸) 1111111νί1111, 1111111111 11181111111111

ι) 11. 1. 0111-11111111,11111111111 1118111111111.

⁸) 111111-Κὶ111111,11111111 111 8111111111.

’ ⁶) 1111111111,11111111 111 11131111.
7) 1131111111, 1111111111111111111111111.

 

