1131. 313 .

13111111331311 1111331311 11111 111111 11111 11111311 ’1111133111 gulden 11111-
gel-isch 11311111 111111 11133 11111113131113111311 3133113113111111111311
111111 133111111111111 1111 113 111331. 1313111 Paeh, 1111111 durch 113
Ν3113111113111111311 Nfirnberg 1111111 1113111. 1131 31331 33 in 11113111 Ρ11331
1111 13111131 1111 8311333 131331111311. 11133311 8311333 ligt im 1113331, ’
von Quaderstainen 111111 11311131 gementu. 8311 1313311 1111111331 zw
31113111 11131 3131 1311111113 gepauen 111311. 11313133111133113331131
83111111 1131111313 Ρ111111131111813111 33113113111131311113311 8311111 111111
1311111 11111 1311 0111113131 an ’1131111311 gement-n. 11311113 111131Ι
1113313111111111, 131 1131311131311 111111 11131111313111131111 1111113111111
in 111131 (1111131 3111313111. 11111113 1113111111 3311113111311311113111111
1111311. 1131111131 33111 geon 111313111131111111113111.

[1311 xxviij. geen Sultzpach drey 1113111, 11111 13311 1113131111 131111.
1131 1113111. 13131133 Phaltzgrauiseh 313.

(111. 2921111311 xxviiij. 111113113311131311111, 111111311111, 131111.

3ο 1111131311111 dem 1113111 1191, Weydhausen genannt. 11311311 131
ain 1111311113 111113 1113111 an 13111 111311131111113, 11111111 131111 113 11311111
131111113111113811111311. Dann uber 3111 13113 1113111 3111311131,
Ρ11311111 3311311111111113111111 Wassd, 111111 111111 33311 1131111318. s

Den 30. 111 1113131111 geon Pilsen. 1131131. 13311111131133111 1311311111.
3131 Ρ3113111. Die 111133 131 3111131131 durch die gegennden. 1131
1311111311 was 1113 1131113131 in wirtenberg‚ 13333111 zu 31313111.

“ 11311 11131311 Juny sein 1111 geon Prag wider 3111131131. 1111111 111 11111113. (11.)
1313311311 8111111313 11111 1311111111 11131 ain 311131313133111111111.

1113113133111831111113113131111113133311,1111311111
311111133311111311111.

11311111113111113 1311113111. Maj. 113. 1311311011. 293·.) 11131.

Η111113311Ρ111133111111 mich abgefertigt. 11313113313111131111 geen
81111 ¹) 1131 1113111, 1111181111, 3311111111. Maj. 1113.

[1311 8311131311 geon 1111111 1131113111, 1113181111, 1111133311 asum:
11111111111111 2), 11111 8311333 111111 8111133111 131 1113111111,1131 1
1113111. 1111331311 1111111 111111 111311311111 1111111 11311331.

¹) 8311311.
¹) 0311110111.

 

