96 v ¹ 0000.

000100. 6000 010 300000 001, 110 00010001, (Bt. 22⁶.) mit Ρ10111000
0001110001010010101000, 0100 wo sy 0001000 01110100, 0111010000
Ρο31010, 1000011 3000110300.

00. 1110000οΙ0 111011 00011 3000 Νο000100100, 010 11010100 811110.
1011010010 0001110101 her von Flensswerg ist 00 101113, 110001 10001000101013,
111ἷ111111)19“ἰὲ 000001, 301101 dem 1100100300 00 11011001010. 1110001 110

301010110010000100110001100801100013110 0001 801ηο1010 3011001111,

00, (a.) 80 00001 man 10010 3000010011οὴ mit 010000 1100000 3000 1101001010

30101013. Des 01003000 00010 8000003 ¹), 0108011000 00 01000
81010000111-111110, 100 man der 00100 110 0000 000010011. Ain 81111 10000100,
mm) 10 010101001003100. Wir sein 011010 100 8010100 00 seben 101010
30111001, 101 011100 00011010 000000 0003 300001. wir haben 100-
00011 000000 30111 3000111, 0010 1003 000111 3000101. 110 10111
110 Το011, 100 wasser 00 110101033101001, 10110 800. 1100
1000 0010 0100 000111 3000 10103111. 11001 010 110100100 0001
nuinburch. (0.) 80001003, 010 0011100 8101, 81100 00011. Wir 1001100 000 Neu·
01. (0.) 00100100 011 mer 1000 (Bl. 23¹.) 1010100011 101010 30110101. 11100
81011131 00 100 11110. 11000011 wasser 111011 100010 110 8101, 0001
11000000 0111 801011 0111100 803100 000 100800 101010 0011110001-
0000001011100. 110001 00010 1010001000 mei! von 100810110110
800. 11100101 0001 sent von Seehs 00 80010 8100100 010 110
8000100 100 1110. Die 8101101 01110100000000 dem 1100100300 zw
Hollnstain 00000011. 111000 1001001100011, 11011100 1000111010
103 0001 000111 1100011000, 00011100 101 010 0001100003. 8311000000
0101, 010 11010100 8101 0010, 3101010001 101100 300010 11000100110001

- 110013 8010110000 0100110081001100100, 110 10000101 1080100010,
111011 010 300000 00110011 001 pot ι) bey 70 personen enthauptn,
10 100 00010 1110010011300103, 100 11120 100. 11000001) 1001001
01100 000 1010 0130101100. 1101100 1100000 001110 0001100011, 001

Ι100310101000 30000001. Die 1100000 01110 00 0111010 0010 00000000.
1100 000011 1000 1110013 010 30000, 1001011000 100 reich 00010000,
100000 3010030, 8010 1001310 00013000131. (11.)

¹) 80301003.
⁸) „an 1101100100100111.

 

