578

111111, 1111111110111111111110110111.
500. 514. 1120.

111111, 31111111 01113 111 11110111.
400. 425. 431.

111111, 01111111 Paul 111 1111111111·
11111. 427.

11111. 532¹

11111, 31111111 11111110 0110111111.
450.

11111, 1131111011 1111100111011.
423.

111111. 7273. 70.

111111, 0111111111113111111. 140.

11213711 --13111. 205. 300.
11111110113111,01111111110113.

1111111. 287.

11111. 131.

1113011111, 811111. 207.

1111111. 341. 300.

1111111100. 320.

11111111111111811111. 00.

1111111111. 380.

1131011111,01113. 143.

11111311111.1111110111, 111111. 131.
283.

1111111011,1111. 113.

11111111, 011. 327.

1111111111,.11111111101. 37.

11111111111, 11111111 christoph 1.
307.

11111111111111011, 011. 73.

11111111* 11111. 40.

111111 -- 11111111. 378. 300.

1111111111. 1111111111.

1111111 = 1111111111 1111111. 403.

11111111. 11111, = 1130111111.
173. 223.

1111. 24. 30.

1111, 3111. 11111111111111111. 10.

1111, 111111101111111111101111011.
10.

1111111110. 03.
1111111111. 120.

11111. 401.

111311011. 102. >

TurggWeylannt 500.

11111. 222. 405. 532.

1111. 1111311111 111111.

1111,1111111.,11111181311 1. 1111·
01111111. 121120.

11111, 1111111 111. 100. 1311111111

11111, Alexander. 205.

11111113--111111 280.

1111. 120.

111111,11111. 110.

110111εο1111. 247.

131111. 282. 321.

1111113 011111. 324.

1111111111. 280.

1111111111,1111111111111. 341.

11111111, 111111.,1.011111111, 1111·
11111111.

11111111. 325. 320.

110111. 73.

0011111311 am 1110111111. 101.
105.

0110111111,11011311111111. 300

011011111171.1.1113111. 72. 281.
403. 404. 405400407. 408.

11111,11111.01111011 84. 100. 247.
250. 250. 480. 027. 532.

11111111, 81. 400.

11111111. 1101111 st 1111. 103.

11111111, 0110111101111111. 408. 512
514.

11111111 111111111111110111, Ρ11111
1111101111. 150.

ulrich, Herzog v. 0011110113130.
250. 311. 313. 314. 310. 447. 101.
520. 527.

1111110, 11111111. 11. 24.

0111111111111111 200. 285. 280Ι
323. 324. 328. 341. 374. 378. 300.

1113111. 55. 58. 120. 245. 201.
208. 477. 470. 483. 4014811100
524.

1113111, 11011311011311. 133. 134.
100. 244. 250. 202. 203. 204. Ι

 

