534 1111

11111111111, 11111111 111111111111111111111111111111 1111. Alsa 1111
11. April. Ν11 11111 111111 tag 111 1113. 111 seben 111111111111111111111
1111111111111111111111111111111 kaiser 1111 1111111111 11111111111111
gegen 11111111111111111111111111131. 87¹.) 1111 11 1111 80² 11111
3111111. 11111111111111 1111 111 1111111111. 1111 111 1111111111 Kayser
1111111 1611 11111111111 11111. 1111111111 111111111111111 germ
11111111111 111 11111111, 11111 1111 111113. ’
11111111111111 111113. 111111 1111111 111 Kayser pald 1111
111111111111 1111111111111,11111111 fort 111 1110111111 11111111,
1111111111111 1111111. 111111 1111111111 111 11111111 8111111 11
pede 1111 11111 81111111111111 1111111111 1111111111 11 dem Ersten
1 er· 111 september 11111111111111111111 111 11111111 Maria aigner
person ln 1111 1111111311, 11111111 1111111111111,1111 11111 1111111111
frey 111111111111 1111111. 1111 111111111111111111111 1111111111
111111 1111111111 worden. wie 11111 1111111111 11111 hernach 11111
1111 1111111111.
11 1111111 1111 1111111 11111 111111111311· 1111111111 1111111
8111111 1111111. 1111111111 111111111111113 von Brandenburg 1111
111111 durch 11111111 1111111111 1111111111 1111 1111111 111111111 auf
· 11. 111111111111111 111111111111111 11 111111 1111111111111 1111111111.
111111 1111 1111111 1111111111111111111111 1111 1111111111111111111, 1
1111 111 111111111111,11111111 11111 11111 111111111111111111111 1
11111 1111111111111111111 saxon 1111 1111111 1111111111 pey der
⁶ ³¹ 1181111111111111111111 111111111111111111, 1111 1111111 1111118111 1
1111111111111.
11 1111111111 1111111111 11111111111111111 11181111 1111111111, ζ
11111 «11111 11111111 111 111111111111 1111111111, 1111 111 guett 11111
111 111111 11111 vnntergangen 1111111111111111111111 11111111111
worden 1111111111 andem 11111 vundan 111111111 1111111111
111111111111111111, 1111 111 1111111 11 1111111111 100⁸L Menntsehen
gesthorben sein. Derturgg 11111 dan 1111111111111111111111111111
ferdinandus 111111111111 1111 1111111111 1111111111 1111. 0111111
gott! 11111 1111 11 witz 111111111111, das 111 01111111111111111111
11111 111111 11111111 werde!

1
1

 

