1010. 127

11010000 menschen 001001110110000100 00 101000. 80 1000 100
gem 00010000, Νο001 101 100 010 100011 mit 1000 8101011. 80 1010001
1000 010 111010 00000 0010 0010100 80 0010011101000000. 1010011
101000100101011111110. 8011001οη mich: ,000001101011 10101011
1)οο gab 101 00 1100100010 „leh 010010 0100 100 00010000 110000 011
000000001000100, 100101 100 Amen 0000110010ιο 00011100110001-
01110, 00 000100 Augen 101000 0011111, 100 00 00001 1001100. 80 0010
010001011000 00110111 000011,1000 11000101 010 000100 0000000000,
1000 000110101101 0001. 1101 0101010011 100001100 00010 0010000000.
11101001110000001110 110 0001. 111000 1000 01011000 0010000εο

. 0001, 00 00101000 00 0110 ,0101 101 10110110 10110 man 010 0000000

1110000100 0010111. 11000000 (111561.) 0000111001000000. Βο0011(00)
110 00000000 10100011001100.“1100 1000101010 ,0010011 100 00110011 101
0001οε ,00001000 Το000001.“ 1100 0011011 10 0011. 10 0010 0100011
10001001001 000001 Es 0000 0001 100 80001100100 1000 0010001οο
0000010110 1100100100, 100100 0001800000, 100 1018100000110011
genennt

- 110 101 1010 0000100111ηο Argamekisehe ’0111011 0000100, ir

010010100100 funstzig. 11000001 0111 800101011001), 110 00 ,100010011 ·

1010000, 00100 0001 gros. wie 00 engen, 00 10100 00 801000001οτ-
mit. 101 1010 0100 011101110010100. Nachdem 1111 100 (1000111001 00
01000101001111100011000, 100010 10110 Το010010 000111 000100
11000000 101, 10 waren 000000 0000111 0010000110000, 0001 000000 10
1001000000110011100000000001010 00001001. 11000001 1100000101 wider
101011 010 100000 1001011100.

An 000000 100000 0011010000 tag (15. 0100001) 1000011010 10
110 00000 1010100100, zw 1000 8011011οη01. 11000001001000000011. Der
Grosfflrut (Bl. 57⁰.) 01000011110100 1001110, 110 000 0010000 0011001
110010 0001, 0001101011 0101 mit 1000 1111010100 00 110 maur, 0001 mit
der 010 ,1001 00 01000 8101, 10000 Ρο00001 000000, 100 0100 010
800010 0100 0101100001)101. 100 0010 01000011 010 1100000, 100
10110 0010 1101011 1110 110 1110000 00000, 0001 110111 1000 11100100 0010

¹) 101001“010010010.101.11’101001. 1, 317, 800110 a, 101101 (1001100000 000
geren = 0000100000 01 00101011110001101001008010-1011110 0000011010000
0000001100 ’1111011000οη 100 11100100 zusammen.

') 80 0101 0010 1100100000 = 1101000000. 8010001100 2, 386.

 

