411 111-1111.

dem salamanca 11 11111111111111,Ι 111 11111 1111111111 1111111111.
01111111111111111111111111 111Τ1111111111 111111 1111111111 111
1111111, 1111 1111111113111 11111111 (11331) lm 1113111111. 111

1111111 1111111 11111111, 11111111 11111111. 111 glaub 11 1111111111 ¹

1111111, 111 Nyemanalt wider 111 1111111111111 au 11111 111 1111111-

111111 11111 11111 11131111 gelbue. ’ ,
a. 11. sapa Etwo 1111111 280‘¹ lag septembr. 1523 lat 11111 111-111111

11131111, 11111111 1111111111 ,1111111111 aum 111111 311111111111111 also
11111111111111 1111111 1111111, 111 sy mdlarwagen 11 minander
1111111, 1111 3111111111111311 dem grossam llelebslag 31111111.
11111111 11111111 1111 1111111111311111 31111111, (11111111 111
31111111111111113111111111. 1111111111 sebon 1111 damu surge-
111111, 111111111111111111 1111 1111113111 111111111 1111111111
111131111111111 11111111 311111 11111111 111 111111111113111111
werden. 1111111113 11111111111 111 111 1111111 1131111111111 111131111
3111111111 3111111. 111111 bell 1111 1113113; 111 11111111 3111111
111111 1111 1111111111. 111111111111, 111 11311111111111 11111111-
1111, 1111111311, 3111 1111311 111 1111111111 1111111111111, 1111111
1111111311 111 11 111111311111111 1111111111. 1111131. ll. probat
11 111 Ν111111111 11111111111131111111 halben auch 1111111 311
11111133. 11111111 11111111111, 111111 111311111111, 1111111111
111311131311111, 11111111 311 1111131111 111 stat 3111311011
paura 111111 11111111111111111113,111 11111111 3111 1111 1111111111
1111111111111111111 werden, auch 1111111111131111.

1111111 ln 111 Zeia lamen 11111 1111, 111111111111111111111111111

11111111. 311111111 1111. lm 111113 11111111111 lamen 1111, wie (lerCardlnal
11 Medicis 11 Ρ1111 1111111 1111111111, (1113111111 11111
Clemens, 1111111 11111111 1111 111 01111111 1113 11 011111111111 11
111 1111111113 3111111, 111 11 111111113 3111111 1111111111111111-
11111111111111111111111 111 1111111111 mit 311111111111 3111311,
111 1111111111 1111111111, 1111111 11111111 disan 1111111111111
31111111 111111.

11 11111111 (111 1121. kam 111111311 1111111111 111 11111111

1111113 111 11111111), 111111111111111 1111111111 111113 1111131.
Wardtwider 111111 herm hauptman 111 1111 1111111111. Da 111111

¹) 111111. 111 11111111 1111111111111111111, 11111 31311 (1111111111111111111
11111111111-Ρ11111111111311,11 Euda 111 sabran 11123.

 

