, 231Ι 1520.

(1111 Sigmunde’n 1011 111311111011 1111111111 801101101 111 Closter
Neuburg 11 101 11111011111110111010111110111111’011,(ΒΙ. 1952)

den Drltten teg 00101111 111 111101011111011 111111111111311101
111 :

Wolgehornner Grat, (1011011101 Ηο11, 11111101011111 111111- ,

1110101· ltu. llaj. ete. 111111110011111111. 11111110 1011, 11001 10101
1011111111111011101 1110111011 110111111011 1111 111111010-
110111, khan leh 1101 11011010301111111111110111111101, 111
1011010 1110111ςο 1111 1110110110 1111111013 gegen 11111101 Re·
11110101 11111111 1111 1111 Commissum, 101 30111111, 10101 ain
101111011011110111111111οη01101 1111 1010111011 10111 wellet

, 1101111 1101 11101, 110 1111101 1101310101110111011111101.1110

1101101 11111113 1111 11111111111111 in Hispanien gellen, 1110
1111 sy 101101 1111. 6011111101 11110. 80110101 seez 101 101101101
1101 1111. 111111, 1111101111 11 wellet 1111011 1011111101, 1110110111
01111101 1101110111, wie 00 1011111111 111, anzeigen.

(Bt. 195⁶.) Was 1101101, elle 111 11001111101101810101,
11 101 111110 11 1111111101 1011111111, 1011111 101110111011. 1113
110-1011111010 1100111111111 101101. 1111 11101 gehallteu alls 011
11111101, 1101 1010101 110110110111. 11110111 1111101 1111 1111111
101 11111111 1111011 1111111101 mugen. Dieweill 1101 ein 1111111-

' '- 101111 1111 11011Ν11101 vnnd Τ111 11110111011111111101 1011

3011111011 1111 1111101101 11101, 11111 101 101101011110101101101.

11111110111111011011011 1011 111 101101 1011, wie sich 1111 ,

1011111, 1101101 11011 101111111111. 1111111101101111111111111
1111, 1111 011011 6011111101, 1113011111 1101 1111111101.

sigmund von 1101101111111111101011.

, 110111011000111111101, 11101111011111110111111111, 111011010-
11311101 11011. 1111 aller Vnderthenigkheit 1111 wir 11. 110. 1111. 010.
(Bl. 196⁰.) 1111111101, 111 11110101111111101 1111110 11010101
1111 instruction, 1111 1001101101, 111 11011111 11011110110111
geen 01011011101111111101101. 1011111111110110011, 1111 100

n. , , 1101111111 1011111. Am llitwoehen, 1111 110111111011111, 101111

101 1111111111 1011111111, 111101 111110111110111 1011101101·
11001 1111 3011ου11111 1110111 10111111. 11111101 1111 1111111·
11011 11 10111111 zuegestellt, 11011111. ltu. 11111101 11110101101101 -

. 110101101101. 1111 wir 1101 101 1011 1001101 1111οΙ, 11 101

 

