86116611. 161. 457. 512.

8661161168161166.

8611116116, 6161611166. 66.

866661166 11., 861661, 11166661 166
6111611. 454. 456. 457. 461. 465.
471. 476. 475.

86666116,11166. 666. 466.

866116 6, 61666. christoph 1., 1161661.
146.

866166, 1116611. 66116111, zach. 466.

8661166, Ρ16661166. 146.

8611611. 627.

8661666. 412. 448. 561.

8661166661661, 61..16116666661111
666. 6. 15. 26.

8666616. 66.

86666616, 8661666 und 81661. 66.

8616666611,11611 66616166. 466.
8611111666. 118.

- 861161,1ι“111.1161661, 66666616. 466.

8616116161. 566. 566. 526.

861166. 622.

861661, 81. 216.

86166, 616. 625. 626.

8666161166, 661. 662. 667.

86166166 6. (161666. 615. 616. 622.
682. 685. 686686.

86616·81666. 562.

861616116. 522.

861666. 686.

8616166616186.

86161616, 11611 6161166 166. 442.

8616161661,6. 82. 87.

86616, 111666. 222.

86666. 181.

866616. 126.

8666616661611, 86111161.,11166116
Loosdors. 46. 52. 62. 64.

816116, 111661, 1161166166 61611661.
462. 466. 475. 185. 466.

8161661,16661. 64.

81666661661, 61. 61611. 162. 177.
186. 184. 161. 162. 166. 266. 265.
216. 216. 226. 267. 246. 261. 414.

8161661, 6. 61116616.

576

81611166. 462.

8161116666, 1116611611. 456.
816666661666. 524. 566.
816666661666,116116111661. 447.
81611166, 616116166611661. 15.

· 81666. 176. 562.

816666-86666. 278.

816166611. 666.

8161616666666, 86616661661. 1556.
564.

8166616. 66.

8161661666,Βί666.1166111116116664.

8161616661,1161661. 661.

81661666 1., 116616 1. 66166. 86166.
164. 116111. 112. 116125161.
,166. 164166. 265. 267. 276. 271.
274. 278. 285. 289. 266. 261. 264.
266. 616. 625. 666. 658. 664. 665.
666. 676. 466. 466. 467. 468. 416.
446. 451. 454.

8161616666 11. 16666166. 266. 665.
666. 676. 671. 676. 677. 666. 662.
666664. 665.

816616 66, 11611661. 6616116166. 66.
441. 462.

8166111611 166 1111166616, 11166661 166
11616666. 464.

81616661,1461166616111. 162.

8116616616, 111111161,66611616166.
667. ·

811661661661,116666. 177.

811661661661 ........ 185167.
265. 267.

8116616166661, 66616. 52.

8116, 81666. 176.

81616 66, 6161161 1166616166. 126.

8166661166, ’16661 66661661. 28.

811666, 81666611661461616. 414.

816166, 61661161 166 6161116666. 466.

816166, 46166 16116166, 6611 166.
256. 257.

81616666π81116166, 11166681661166.
665.

811611, 86116611.1”61666, 11616666
111. 678.

 

