184 000.

0000 00 (100 010 01100 000100. Ans 010 00 0010001100000000101000000,
10300100 010 010 0010100 0001 100 8011110011 0000100, 010 1000011
0100 1010110100. Sy 0011100 0100 11010 00101000 geben, (1000001 00
00001 110 11101000 000000 Nat* (100 0003 30000 1000, 0001 101001 (100
1101001101 gegen den 11010110, 10 100010000001110 ligt, wollt
0010100000. (1101010011 11000 0101 100 0001000 11010100 auch hergegen,
10010 00001010 0101 0110 000001 0001 10000110ᾱο000ηο 110, 0011100 gar

khain 0010100 0001000001000100.
0, sept„ 100 00010100 tag 000101000011010 gar 000000000001011, (100810
00010100 im 80118 0011000001110. Man 0001 die 10001 Sardinia, 010
0000 0100 weyt 110100 0101 300011ος00, 0001 0000100 der 000100
000008031000001 0001 (100 10101010 01 (100100110001. 1081000100 1ος
1100000 010 01100110 00 der 10001, 01100 das wir 01010001101100, 10
01000 11101000 00111 10 Pon 00 110Ιο010 ¹), 10010010101,(Β1.138·.)
0011000000. 80 001001 0101 0101000001 010 0101000100 01011100 010
1000 000 (100 8101 (1108001011 01100000 00000100 0001 die 0000101000
0, sept. (0.) 000800. Die zway 80118, 0000000 0011000001οη, 0001100100 00010100-
10110000. 11000 1011010000 101100 003110001100011 010001800, 0001
100 01011101 das 80118 00 30001110 101100, (100100 80010000001100
10001. 110001 sich 10 freyen] 0100110000100, 0000011 (110 8031 008,
0001110011110 00011 geon 10000000 ¹), (110 810110 81011100. 11000
0001000 801111 100010 31010100000000 (100 80111 000 00010100, 000800
100 0001000 00001100, mad 1011100 0100 108100 00 00011000. Am
001100 1ος 01001 (1000 000 810010010ος 010 11110000 8000100800. 1100
0000110000 00 010 pret 0001 0008 1001000 0010. Der 001000100100
0100 (100000οΙ1 0001 (100 80118, mit (1000 101008 01000101, 0110 0000010,
1011010 0113000100. Ain mor, (100 Patron diener 01000, 1101100000
8011810οε 00100. 1100 0011100 (1000 11101000 801181, 00 am grosnen
80118 110003, 0010100011 100 1118 011 00000100 0001 0010000311. Die
1100100118, 00 00118001 0001 11001000 1000, 10100 0101 011 dor 1100100,
10 wir 00001100100, 0001301100, (1000001 0101011101000010001100.
Η, sept. (131. 134⁶.) 10000100000000101111100 mg, 000 (100 800103, 1000
1110101 von Eytzing, 810010010ος, [1001000001 mit 1000 1000 1110Ιο0
vom 11000, der 1110 0101 00110 0111010000000, 0110110001000100100

’.ια-

¹) Cnglinri.
²) Palemo.

 

