86 1111.

Khunig 11111111111,11111111111111 811, 0111111, 11111111· 1111
1111111, 1111111111 111111 11111111 1111 1111111111 soll.

Anfenngclich 1111111111 11111 111111111111111111111 1111111111
1111 1111 11111111111111.

1111 11111111 11111111, 111 1111 311111111111111111, wie 111-
1111111111811 111111111111111111, 11111 111 1111111111111 111111,
11111111111111111111 11111, 1111111111111111111. [11111111111111111
111 11111111111111, 1111111111 111111, 111 111 111 11111111 11111111
1111 11111111 Son Ertzhertzog 111111 111 0111111111, 11111111 111
1111111111, 1111 11111111111111111111 111 11111111 11111, 11111 1111
111 1111 11111, 111111 8111111111111111, 11111111, 111111 11111111-
111, 111111 1111111 111111111, 1111111111111 11111111111111111 wesen
1131111111111111, 111111111 11 111 11 1111111111 1111111811,111
‚ 11111131111111111111,111111111111111, 111111111111 1111 1111111·
11111 113111 11111111, 11111111 1111111111113111111111111111 Ρ111-
11111131111111111 (Βὶ. 142) 111111111111, 1111 111 111 111 1111,
11111111111111111111111 zw 11111 vatter oder Freundten 1111111111 ¹).
Vnnd 11 111 gemeltKhunig 1111181111111, 111 1111111111 11111111-
1111111 111111111, 1111 111111 11 111111111111111111111 111111111111
wollt, soll der 111111111111111111111111111 dagegen 1131111111
1111 111111 1111111111111111 11111111111113111111111111 1111111,
1111111111 111 111111111111111111, Sy 11111111111111111111111111
1111 1111111111 111111111111 111 111111. 1111111111111111111111,
1111111, wo sy in 1111111111111 111111, So 1111111 1111 1111111111
1111111111111111111111111111. 1111111 1111111111 11111 1111113 1111
pheor, 11111111111. 1111 111 11111111 1111111 1111 11111, 1111
1111111 1111 1111 1111 11111111 1111 1111111111 1111 1111111111111
1111111 111111111, 1111 1111 haut, wie 1111111111111101111111111111
Khunig 11111 1111111111 11111111. Dagegen wellen wir im· auch
1111111111 1111 1111 11111111 11111111111111111111111111111111111,
1111 1111 11111111111111.

Der gemellt 111111 1111 1111 auch 111111 1111 11111111, 11111
1111111111111111 111, (111. 1111111 111111 1111 1111111111, 1111

ψ...

1) 1111111111111, 1111 ,111111111111 11111111111, 111 1111111111 1188
1111111111· 1118111111111111111, 11111 81111111111111. sie 1111111 1111
11111111 11111111 1111113 111111.

 

