1001. ²79

1101 1101100 100 100 1011100101 mit 0000 000 0000 0110001010 1), 0οι11111.
0011 010 8011000, 10 0111100 110010οΙ1 000100. 101 010 010111, 0001
11010100 1000001111ογ 0101110000 1110111 1).

“ 11010110.

101Νο001001001100100 0111010 1010 1100111011 0000111011, 010 0, rem.
0010001 1110000 8010, 8011000001 810110. Vnnd 1010001 0000 11000-
11101) 000101 dem Huml, ist alles 0101111011 0001010101110. 11000
0000 101001101, 01101 1101110110100111. 10010101001100001101001010.
11001 0101100111 0000 1110111010 1) 00 1011111, 01011110100 8101.
101100101000100 80010 010111 0000 Ρ100, (Bl. 0021010111 1010011011
1110100110100 810011 100 101010, 10 wir 0000010 1110011100 11111010
1000100, 101 1000 0001010001010010101010100 100 desselben 0100010
0011110011 010111. 1100 01010100 100 1010001 110 1111101010.
[110110000011110010101001011110010 Palld hernach. 11110 101
denen 1100100000 1111, 0001000101, 0001 wir 1100100, 10 00 110 8101
0001 8011000 01011 00100 01101100, 001101110101010101 „das 101 011
010 8011000,100101011010 8101, 0000101 010 111010101011 11001 00
10100000100111101 Κ11101010101 00 110010010100000 010 0101110000 11*
1111 ward 1110001101 11000011 gegeben: 0011 001110110001001000 m„ minor
00101100 10001010, 0101001 100011000 ausser 10001010, 0001 1000 [10011ξί13 mi

kh 110 1

1001000 01110110000, 0001 wo 0010010001 00101000. 1100000001,

Νο01 01101110οη0 101 1100000111100100 1010011011 10011 0111 Er· ffin'ff‘fflf

10011 1010011 00010100. 1110 01100 000 Ρ100 0000 10100100100 111011, 1ζὶᾝέ nnum-

00010000000111011001010, 0000 11010101), 0000 Το0100100 11011 10111010

0001101001), 010 81111, 0000000. 1000100000
01111110.οω

1110101 811001-

(11125311) 11011010. vm,

11101111 1110011101;

1101101 1101101.

11001 1000 0000 Ζο100111. 1111 011011100-

0010Ιί0 1101101
1111011101 81011,
000 110110101010,

0110100100. (11.)

¹)

Ι) 11011110 00 100 1100110100 100 110100-(10111000,
²) 1100 101 11010011.
’1) 8011 1010000 1111010110.

⁵) 1100 1011101101, 00100100 1101110οΙ1 1101 001 0000100.

1) 110Ιο0, 0011110111οὴ 000 10100, nahe 00 101 1111000 11111000.

 

