Ι210 1111.

1111111111111 11111131111111111 1111 geben, 1111111111 1111111111·
' 111111111111111111, was 111 11 11111111111111111111111111111111111
111, 31111111 11 1111111 111 11118111111 111111111111111111111111-
11111, 1111 1111 1111111111 111111111111111111111, 1111111111 111
111111111111111111 (111. 2⁰3⁸.) 11111111111111111011111111111,11111

11111111111111, 111111111111. So 1111111 11111111111111113, .

111111 1111111 1111111111111, 11111 1111111111 111111, 111111, 111-
geben oder 1111113111 11111111, 11111111 1111111111 1111111111
gegen mir 1111111111. 11111 111 111 111 111111 81111111, 1111
1111111111111111111, 111 11111 111111111111111131111111, 1111 11·

, 111111 1111111. 111111111111 11111111111311 1111 sagon: „die

gelerten 11111 11111111311111.“1111111111 111111111111111131111111
hat, 111111, 11111111111 1111111111111111 Bul-ger 81111111, 111 111
11 1111 31111111, 11111 auch 11111111 111111111111111111111 11-
11111111 Ob 11 11111 11111111111111 111111111111111311111,
1111111111 1111111111 11111 11111111111, 11 111 11111111 11111111, 111
(131. 211.)111111111111111111111111. 1111111111111111111111
allen, 111 11111111 111111 111111111111111111111111111111, Ans
111111 11111111 1111111· 11111 11111111, 11111111. 111111 1111111111 11-
111111 1111, Das 11111111111111111111111111111113111111111 mein
Eer 1111 111. Bitt 11111111 Eur 11111111111 1111111111 111.

1111 11111111111111 1111 111111111 11111 1111 11111311 1111
gesagt: „nie gemain 11131111111111111111111111111111Ι1“,1111
11111111 ,11111111 11111111 11111111131311111111111111.ις 11111
11111 mir ain 81111111 ’1111111111 1111111111. 1111111 1111111 111111 111-
1111111 111111111 1111113111 111111111111 1113111111, 111 111 1111
11111 1111111 wider sy 11111111 wellen.

(111. 204⁶.) Hochwirdiger 111111, 1111111111 Hert, Eerwirdigen‚
Wolgebornnen, Gestrenngen Η1111, 111111, 11111111, 1111111111, 1111111 ’
11111181111111 1111 11111111111111111111111111111. 1111 11111111
0111, 111111 1111131111111111111111111111111111111111111111111111,
1111111111111181111111111111 11111111 1111111111 811111111111
mich 1111111 1111111113, 11 Closter Neuburg gehallten, Verordennt
1111 1111111111, 11111111 111111 11111 1111111111 11111 311111111,
1111111 111111111111111111111111111111111 111111111111 1111111111111
11111111 1111 1111111111 11111111111, 111 111111111111111
8111111 111 1111111111111, 11111 111 1111111111 111111111111, 11111 111
11111111 1111111111111111111 11111111111111111, 1111 111111111111 111

 

