8111111111. 10. 72. 70. 191. 191.
190. 217.190. 191. 191. 190. 501.
81111. 11. 22. 203. 317.125.120.
81111 und 1111111. 22. 23.
8111111111111. 307.
811111111, 00131111811111. 103.
8111111111, (111. 302.
81111111. 90.
81131111, 11111111111 When. 5.
8113111, 1110111111, 01111111. Sir-
11111. 301.
81131111, 01111. 11. Ζίρε. 103.
81131111, 1113111111 1111 1111011. 51.
8113111111111111, Meister. 11.
Stephanus, Dr. 101.
811111113. 200. 281.
811111113. 318115119000. 518.
8111111311, 1111111 0111111131 111.
172.
8111111,1111111111. 113. 115.
8113111, 1111, 1113111111. 202.
81113111. 1111111111. 277.
8111111111. 22 299. 300. 315. 317.
8111111111. 90.
81111113.01111)111111. 89.
81111113. (1111111. 318.
811111111 == 01111111113. 291.
8111111111,1111111. 200. 279.
8111111113 1111111111. 1001011.
8111113113. 300.
8111111111111. 1111111101.
811111 111 81111111111, 1111111111.
131.
8111131113. 289.
811111111111. 522.
811111, Schneider. 173.
8111111, 11111. 521. 1122.
81111111-- 81111111111111. 288.·
81111111. 109.
8111311,1“1111. 110.
8111111113, 1111111111. 83.
8111111113,111111111ρ111. 113.
8111111113,11’1113113111. 110.
811111, 111111 1113111111111. 173.
811113111. 250.

175

8111111111111113. 55. 117. 281.
283. 111. 510. 010.

8111111111111113,111111,Ρ11111
11. 283.

8111111111,Ρ111111. 0101.

81111, 11111. 01111111311.. 811111.
257.

81011, 0131111. 380.

81 hm, 1111, musa. 301.

81111111. 313.

8111111111. 113.

8110113111,8111111. 91.

8110311011. 1011. 117.

8111111 = Zwolin. 278.

8111111, 81., --. 0111111. 222.

8111111110.

8111. 222.

8111111111. 5.

81131111,111111113111111. 27.

81111113,11111111. 311.

8111111288.

8111111113. 288.

’83111131 11111. 28.

831131, Ant. v. 0113, 11111111. 2117.

81111113, (11113, 0111111 1. 1011-
1111111. 101. 111.

8111111111. 110.

8111131111. 829. 338.

81111-0111011. 380.

81111-11111111. 380889. ’

81111111, 01110111. 387.

8111111111. 387. 388

8111111. 387. 388.

8111111. 209.

, 81111, 11111. 109.

81111111111. 120.

11111. 307. 009. 310. 315.
’11111313 1111113. 300.
113111111111,011111ι11. 170.
Τ13Ιί111111,11111. 173223.
11111, 81311111. Ant 111 11111. 102.
Τ1Ι111,1111. 118.

11111111, 11111 1111111111. 310.
11111111. 221.

11111111111. 38.

 

