551

5111 V„ 551551. 83. 85. 86. 87. 91.
135112. 111. 115. 115. 117. 151.
152153151155. 155. 157. 151.
173. 177.185.191.192. 201. 200.
207. 208. 211. 217, 218. 221. 225.
213. 215. 215. 217. 251. 255. 205.
302. 316. 357. 308. 371. 377. 103.
108111312. 113139. 110. 111.
115.117.119.150. 151. 155. 155.
157159150155. 159. 170. 175.
178181. 182183. 185. 187. 188.
1901911192. 193. 191. 195. 195.
501. 502. 503. 501. 505. 507. 512.
513. 515. 515. 517. 519. 521. 523.
521. 525. 525. 527. 528. 529. 533.
531.

5511 1., 515111. 81155155. 105.

5511 5111. 1. 9155115151. 58. 59. 198.
122.

5511, 11111511. 1. 0551, 8515 1151111.
518.

55111, 1151151 1. 11551155. 151. 165.
157. 155159.

5111 1. 55115511, 551151. 92.

51111-1115151,Ἠ511.1.11155555111511-
5555515551. 531.

551151511 15 551511155155. 311.

55111, 1151. 72. 158.

55555. 129.

55555, 55511 8515115. 271.

55155511. 129.

55111511, 5511511. 1155155. 109.

55515111,1151111151 1. 51551555511.
133. 230. 281. 108. 110. 112.

5551155151 11551. 120.

55115 n. 299.

551155, 9151151 (15551111 38.

5551551. 171173171.

551151155, 5551115155 95155, Ge-
5151115 81151155511511393. 391. 395.

1151151155, 1155111511. 51151511.
1115551515511. 98.

55115115, Anna und N. 1551151
8111515. l. 1. 95155. 375.

551151155, 8., 5115111515. 310.

5511111551, 11511 115551. 282 281.
299. 309. 301. 301. 195.
555115555, [15151555. 153.
5511111551. 269.
5511. 388.
551511151151,1151555.12.
551155151151. 10.
551551515115515.12.
55511, 11511. 213.
5515151051151,555511151. 159.
5511511151, 95151. 307.
5515111551. 295.
551151551151151,11515511. 12.
5511151. 351.
55511155, 815111 102 103. 217.

’ 5511151151,1151555. 12.

5551551151, 1155511.. aab. 155 ¹

85111511. 83. 81. 100111.
5515115111, 1151155515. 292.
51515155εο5115, 51111515. 375.
515555115. 285.
515515,1.0151115.

511511. 275.

51555, 5155155. 338.

515511111ε555511111, 11511 1511
155. 301.

515111115--15511155 321.

11155. 325.

51551511, 1151. 99.

51155151151, 9511111111, 1515511.

5551115555 55155515111. 27.
5155151, 1111151. 171. 173.
1115111511. 300.

5111111511. 101.

5115115151. 175.

5115115155, 1115111151. 213.
5115151511, Franz. 509.
5115151511 1551111155, 05511. 120.

171.

511515111551, 85515151. 112.
5111111151. 295.

511115155. 311312

5111111511. 3111. 313.

5111515558 0515555. 172.
5151515, 8511555. 132. 290. 295. 337.

1

1
1
1

1

 

