838

811111, 1. 8111111111.

8111111, 1111111 11111111 gemunt,
1111111. 1111111111. 311.

81 j 11, 1111 1111111 11 81111131 Du·
quo 11. 221.

8111111,81111. 8111111108800.

8113111. 200. 301. 187.

8111111. 223.

81111111,11111111811111111111111
11 111 1110111181111-811111. 8.

8111111. 278. 311.

811111111. 307. 380. 310. 318.
300.

811111. 278.

8111111. 310.

811111, 811111. 387.

81111111, 111. 131. 280. 278.

81111111 im 811111. 108.

8111111111, 8111111188.

8111, 111111 von, 08111111 Semt-
ding. 287.

8111 , 8111111111 christoph 1111. 820.

8111111111 11111111. 100.

81111118, 1111111111. 00.

8111111 11111111. 00100.

81111111, 1111111111 zu 111111

’ 11.

811111111111, 1111111111 zu
0111120.

81111111 1. 111 811111, 111111. 111.

81111111 1110111, 8111111. 711111.
138. 311. 110. 181.181.180.178.
11111 81111. 1. 8111111108. 100.

81111111, 11111111, 1111111111 1.
S. stephan. 103.

811111111, 811111 1111. 328.

811111. 222.

81111111 matinga, 8111111 111
(11111111. 113.

81111111. 100.

8111111111. 07.

811111111111 = 0111111111,
8111111101.

8111111. 221.

81111. 278.

311111111111111811111111111·
1111111.

8111111, 811111111181111 87.

811111. 312. ’

81111111111. 311.

81111--811Ι1. 278. 328.

8111111. 328. 328.

8111111. 208.

811111. 111. 131. 277. 288 287.

8111111111. 270.

811131111,Ρ1111111111101111111
11. 221.

81111111111111111111180.

811111-111111,(111.1111.1.122
111.

811111-111111, 081111 Hal
1810 (.) 112

81111111111,.111.1., 8111111111
111111. 138.

811111Ιί, 111111, 81111111. lagg.
102.

811111111. 311. 313.

81111111113ε111111111. 201.

811111111. 08.

8111111111,(111131.,81111.1111
111111. 388.

8111111111280.

81111111. 287.

8111111111, 8111111 11111111 1.

8111111111. 210.

81111111,111.101.108.

8111111. 270182 170. 188188.
108. 811. 821.

8111111111111. 283. 270. 308

8111. 221.

81111111, 11111111, 811111111111111
[1111111111. 271. 278.

8111 1111111. 387.

8111111111111, 81111111 bei 8
veit 1. 111 11111. 18.

8111311. 1711188188. 828.

8111, 81111111111111111. 111. 113.
133.

8111, Gom. 8131111111. 11101111
287. 318. 380. 381. 388. 378. 110.

 

