101

0111, 1111111111 1111. 332.

0331111111. 219.

031111, 1111111111. 112.

011111. 291.

0111111301). 277.

011111. 207. 278. 311.

0111. 390.

01111111. 113.

01111111. 200. 371. 378. 390.

01111. 120.

01111111. 108. 131200283281. 289.
291. 323. 327. 311. 311. 371. 378.
390. 391110.

01111111, 9111111111. 108.

0111111,111111..1111111171.311.300.

01111111, 91111111 8111111111 1. 301.

0 311111, 110. 280. 287.

0 3111, 1. 1131111111.

0311111. 111111. 110.

03111 287.

03111111, (1111711111. 311.

0331, (111191.

033111, 911111111111. 200. 392.

0331111. 371. 378. 390. 393.

033111. 390.

01111 1111111111111. 118.

0111111111. 117.

0111, 11111. 109.

01311111. 221.

0111. 113.

01113 01111. 130. 209. 270271.

011111, die. 321.

01111. 327.

01111. 321.

011 ppo, 8113. 172. 173131.

0111. 287.

011131. 119.

011111301111. 321.

011111111. 219.

0111111113. 90.

0111111111, 111111. 111.

011111. 108. 131. 288. 291322. 323.
327361.

0111111111, 911111. 108.

0111111111, 1111111. 300.

011111. 111. 270.

0111111111.109.131.291.323.311.
327. 311. 301. 371.

0111311111. 270.

011111. 209.

0111111113, 11111111 8. Laberi}
und 8971131131. 27.

01111111, stadt, 1. 0111111.

0111111111. 299.

011-1111111111, 1111 6111111113
1. d. 91111, 1111113111 Ν111113. 313

011111111113, St 101.

0111111111. 279.

0111 11111111. 11111.1.1.1”1111113.181

011111111.1.11111111,Κ1·11. 111191.

011111, 91111. 221.

01, christoph. 197.

Oxy, 91111. 277. 3011111111.

911111. 73. 177. 128129. 130131.
133138.

91111311311, 1111111311. 100.

91111111, 11111. 118.

9111111, 1111111111. 112.

91111111. 181. 181. ⁴

911111111ἱυὶ, 811111111111111111
131.

9133111111, 1111111111 von. 87.
88.

9133111111, 9711191111. 1.,13111-
1113. 91111111. 300.

9111111111,1113111111,11111111111
307.

91111111, 81111190.

911111. 110.

91111. 121.

911111. 110131. 132.

9111111, 9111201.

91111111. 131. 208. 280. 321. 320

911111. 219210299111. 133.

91 1111,111111. Ernst, 11111. 1. 1111111
113.

9111111, 111111. 1131111111111.

9111111, 111111118113111 von. 11.

9111111, 91111. 108. 170. 171.

91111, St„ bei Wien. 31.

1

 

