244 ’ 1111.ι

111131111111811111111111111111 1111 1111111, 11111 1111 1111
1111111 111111111, 1111111113, 3111113111111111111111, 11 1111 11111
1111113111 111111, auch guete, 11111111111, 1111111 1111111 11111-
11111 1111 11111111, 11111111 1111 111 111111· 1111111111, 1111111111
8111, 1111111 111111111, 111111, 111111 stetten vergleiehen, 111-
durch 1111111 31111111 1111 gnad 111 1111 1111111311 11111 11111111,
31111111811111 1111111111, 11111111 1111 11111111 11 1111111,
1111 111 1111111113 11111 111111 11111(ΒΙ. 209“.)11111111. 11111 111
11111111 11111111111, 1111 1111 11111111111111111111111111, 0111-
1111111 111111111111111, 1111 11 111111 8111 1111111111 1111 11111111
1111111111111111111,1111111111 geursacht, 1111 111111 11 111·
1111111 1111111, 1111111 auch 11 111111 11111, 111 111111111111,
11111111 gestant einzusehen, einzugreiffen 1111 1111111111.11111111
111 1111111111 111111111, 1111 111111811111111111111 11111111 an
1111111 bey 1111 1111111 111111. Das 11111111 wir 11111 111 genediger
1111111111111111111. Datum Wormbs, 1181111111111111111111111

January. Anno 111. im Ainsvnndzwaintzigisten.
(11111 111111111111111181111 111111111111111 111111811111 1111 1111111111111.)

(111111111111111111.

’ 81111111 11111111. 1111. namen 111 11111111 1111111311 geon
Hungern, mit 1111 11111 11111 111111 811111111111111, 0111111111-
11111011111111, 11111111111111 11111111111111111. Von wegen
aines Angriff, 111 111 111111 1111111111111111111111111111 111111-
1111 11111111, 11111111 11111111111111 11111111111111111 1111111.
11111111 wegen 111 Wamphy 111 Ν111111111111 ¹) angriff, 111 sy 11
11111111811111111111111111. Der Schnaitpeckh 111111 111. 111
1111111111 1111111111111111. (1111111111 111111 811111 1111111111
111 111111 11111. 8111111111 111111111111111, 111111 was diser
1111111 11111111. ’

11111111111111111111111111· Ku. Maj. 111. 81111111111
1111 1113111111 1111 Maj. 01111111 1111111111 11111
0111111111111111 1111111.

¹) 11111111 11111 11 1111111111. 1111111111 111 1111111 111111111111111,
111111 V.. Jakob 11. und 1111111. 31111111 1111, 1111 1111111 11 11111111·
111. Uber 111 1111111 1111111111111111111111111111111111111111. 11111.
111111111111111 dieser 111111111111111811111 C. Wagner's 1111111.
311111. Ρ1111. 1802, 8. 1, 11-16111 Α. 111111111111111111111111111 Status
11 Ordines. Poson. 1711111. Ρ. 11, 411 ff.

 

