1111. 89

11111111111 1111111113. 111 111 11 111111111111111 11111111
111 111 11111111, 1111111111111111111111. 11111111 1111 11 111111
11111111111111 Bate geschickht, 111111 11111 11111111 1111111111.
811111111181111111, 111111111111; 1111 1111111 111 1111111111,
Τ1111111111111 11 1111111111, 8111111111 111 11111111111, 1111 1111111
N. 1111011111111. Des 1111111 113111111111111111111111, 111111
1111 1111 8111111111 11111. 8111111111 11 1110111111 81111, 11111 1111
1111111111 01111111111.

(111. 16⁸.) 11111 111 111 11111 8111111111311118111,113111
1118111. [111111111111 1111111, 111 [1111111111 11111 11111111,
111181111111111181111,111 1111, 111111 halb 1111111111,111111118111
111111 111111. So 11111 1111 1111111111, 1111111111 11111111
1111111, 1111 durch die 8111 1111111111. 1111111111 Leyptzig sein
11111 111111.

Goon Piterseld, 111 111111111111111131111 811111111, 11111111 Febr· ¹8· (Η.)
111111, 1111 11111. [1111111 geon 11111, 81111 11111. bigt an 111 1111,

11 111011111111111811111111111 111111, 111111111111111111111- ¹³0¹· {baffi

hung 111111111. 81111111 auch 11111 111111 1111111, 1111111 naid, Γηοζὲὶζῖωωω,

1111111111 1111 1111113. 1111111 111111 8111111111 811111 ¹). sem mich g„

Zoch 1111 1111 1111111113. 1111 1111111 81111111111111111 11111 11811111
1111111311111111. 111111 11111. 111 111111 81111111111111111 811111 Ιῖῗὼω md?
11111111, 1111 1111 1111111111 811111118111111111 111 1111111111 1111 ‚21:321- :ngss
111111, vill 11111 11 111 11111111 11118111111111131111111111111111111011ιὶ vm·-
01111113111111. 1111 111 11111111 11111111 111111 man 1111111111 ‘¹⁶³¹' (st) ·
111. Die gelertisten 1111 111111111111 in Teutschen Lannden 111111 2³· (11)
1111111111111 1111 11111111, 1111111 1111111111 1111111 8111111111.

11111111 1111111111111 1111111111, 1111 1111111111 113111113111

(111. 172] Von Wittemberg 111 1111 111 111111111111113. 111 ²³· 111)
11131311111111 3111111. 1111111111 1111 1111111111 111, 1111111 man
1111 111111 111111 mer 1111111111 1111111. Ν11111113111111111, 11 111
1111 11 11111 111111811111111111111111811111111. 011111111111
1111 Τ111111111111111) in 111 Marggrauen 11111111111113, des

81111111111, 1111111. Es 11111111 1111 11111 111 1111111111 111111

ὴ.-

¹) Kbnig Christian 11. 1110111111111, 1111 1111 111111011111113, 1111118111
11111311111111 111 0111111111, 11111 ’1111111111 01111111111 11111111
81111111.

¹) D. i. 11111111111111.

 

