11118

11111, 01. 0111111· 100.
11111111, 1111111111. 373. 371.

1111111111, 111111111111, 1111111. 111
Posen. 292.

111111110111. 311. 113.

1111111111 1111111111. 102.

1111111111, sigmund. 183.

Leyp, 1111181111111 111111. 311.

11111111, 111, 11111111111111. 51.

1111111111. 300.

111111111111111. 500.

1111111111111,111111111111111.
110.

1111111111111, christoph-Philipp,
0111 111. 310. 103.

1111111111111, Paul von, 1111111.
1. 111111. 127.

11111111. 115. 111130.

11111111, Herzog Friedrich 1111111-
gere 111. 311.

11111111, 01. π111111.01111111.
155. 198.

1111111111111, 81111.170.Ρ1·11-

111111, 11111111.

111111. 318. 170.

1 11111111π1111111,1’11111.173.223.

1111111111, Stin. 1217.

1111111111, 111101 01111111. 01.

1111111111 -- 111111. 211.

1111111111, 11111· 8111111111 Philipp v.
110.

11110111, 111 8111111111 111. 312.

1111111111, 111, 11111102.

111111 111 01111111. 101. 1011.

1111111110111111 zu K!.·Neuburg.
45.

111111εο1111111, 01111111. 273.

1111111, 11111111. 112.

1111. 21. 30. 00. 107. 139. 210. 202.
203. 280. 290. 201. 208. 290. 301.
301100. 101. 113. 151. 178. 185.

1111111, 111. 102.

11111111. 100. 131. 288. 311.

111110111530.

1111111111. 321.

111111 111. 110. 130. 275. 280.
1111111111, 11111111, 0111111111. 262
1111111111, 011111111111. 101.

1111111111, 1111111301.
1111111111. 273.

1111. 522.

111111, 111111, 011111. 390.
111111, (1111 Ludwig 111. 1οἰ

190.

11111, Η1111. 111.

111111. 250.

1111111111 1111 11111111, in 1111-
1110111. 101.

111111. 217.

1111111113 11111. 311.

111111. 170.

1111011111.128.177.179.181103.
131.

11111111, 111110111111. 8111111-
beck. 10. 02.

111111 111111111. 70.

11111111, 11111111, 0131. 175.

111111. 70.

1111111 = 11111. 137.

1111111111, 111111 171111. 17.

1111111111] = 11111111, Η11111.
388. 380.

1111111111. 290.

111111. 277.

1111111. 280. 287.

1111111111. 1011132532.

11111111. 221.

11111111. 223.

111111,1111101111 111, 81111111.
283.

1111111. 110. 131. 208. 203. 2811
321. 320. 327.

11111111 = 11111111. 223.

11111111. 280. 287.

111111, 0111. 315.

11111111111,111110111111.1.110.

1111111111. 101.

1111111111. 19.

Ludwig v. 1111111, Herzog. 831131
193.

 

