370

1101100033, 180301 (111. 81301. 100
11100110. 171.

11310. 107. 308.

1103008011, 11011111130101 1. 201.
311. 320. 331. 108. 132131. 307.
308. 300.

8031003103110110800000.101.

11011100310.310.

11010. 170. 180. 138180. 181. 102.

1101011301. 102.

11 00110, d. i. 11001110, 800081011001-
13101. 73.

1101003013. 288371378300303.

1100003013, 110110 100. 313.

1100003010132.

1100001001 100 110003103, 11010101
10111010, 001103111 (101110000-110100
10 111100. 3.

110ορ 100 == 11000101. 301.

11000100,111031003.1100. 1110ρί00111.
200.

1100030101, 1111110100. 311.

1100100000. 323.

1101111οε 11000101. 373. 377.

1101301 = 011100. 108.

1101301 53111301. 311.

1101003013, 011111003013.

3013003013. 312.

301300301310101 1100101007.

8013001010, 803100010801010100.
312.

11013001, Dr. 81100108. 300.

1101111, 1101100013100. 281.

[1011000100. 132. 118. 217.

301100010001 110010. 217. 283.

1101103013ε11111003013. 203.

1101100013, 1111031013, Paul 100.
78.

8000010100, 0111003111. 220.

110101010. 128. 130.
1101130. 177.
11011110. 323. 328.

11000111. 373. 377.
11011, 8131010008, 0100οἰ001 v. 111111-
300000. 03.

11080111 1. 8. 1101000οὼ. 113
278 323. 328.

11080111ε1110801. 311.

1101101010. 310.

110110 11111 1. 1. 1111303013. 101

111180.... 130.

11181301, 131 100 weissenburg 111
1110000. 108.

1100110110 = 1108οΙ010. 310.

1100110110. 38. 81.

1101001, 00013. 111. 107.

110030101010. 113

1100031011, 110101. 1108. 1100110100
100. 3.

1111001 108, 00118101110010100011101
270.

11001101-110001. 332. 333. 331. 333
338.

110100300, 1100133131.

81110, (110880800281311.

81111018. 88. 281.

81110. 313.

813011000,10310000. 327.

80310 0, 1101011010. 0111030 01111-
1003013. 238.

81310013, 1010111101ῑο. 327.

8003000103328

8103000, 113011, 0301101011. 11

8103000, 103001, 11010. 100. 331.

8103000, 11010. 00013 801 1101030
100. 200. 311.

8103000. 011011. Friedrich d. 110100.
80. 00. 132. 188.

8103000,1011.1’110111.1.8.8101001
03011. 311. 308. 301323. 323. m
327. 328. 333.

80011000, 1101003101110 100333
333. 331.

8103000·1.10003013,1101103
1011000 IV. 08.

810110. 173. 223.

1

81000001010,1’.0.11’.11. 31 1

8131010133, 010301-00010113108.
8111011001,0131101180181183.
101. 173.

 

