cnsteiinlto, 01110101010. 432.

00010110110, 11011 1110100000. 140.
195. 247. 450. 458. 527.

0001011111 = Ostnlrieh. 219.

000101 nuovo 1111011101. 74.

000110 101111011075. · ’

001101, 0110 1010129.

0010101010186.

00 ciliae, 1011011110110 compegiis
cnrdinelis 80100. 465.

0 0100 -- 1101110. 276.

celtes, conradus. 05. 402.

0011011, 64.

00001 de Nepoli'. 522.

00001100. 222.

0101110110,11001.120.

01010111, 1111100118.

Chersonesus 0111110095.

chiemsee, 11100101 1101110111. 413.

01101100, 11111. 1. 0101, 11011101.
198199. 206. 208. 213. 224. 455.

01103110433. ·

0111100172.

01110000. 222.

chlopigorod. 117.

0101300. 221.

0101110110119.

01101001001, Dr. 11ἰο10036.

011101101111. 1. 1111011011. 85. 86.
92. 93. 06. 97.

christine, 1111111111111011011. 95.

christoph 1. 1011 8011010001011,
senseresensere.

0111010 ph 11. 1. 0101010111, 11100101
1. Brixen. 500. 514.

christoph 1. 1100101, 111001. 1. 101-
1101. 194. 413.

christoph 1. 1101101, 1110010101
80011111. 143.

christoph 11. zeeh, 11100101 101
80011011. 400.

0111010 ph 1. 11011110, 8100101101
Trioni. 506. 514. 529.

christoph 1. Breunsehweig, 1101-
001111011001011. 1110111011. 83. 408.

541

01 1101 oph, Herzog v.Brounsehweig.
97.

Chronos, 111100. 112.

ciglisno. 222.

01111. 79.

0111101073.

01011010 vu. Pehst. 179. 464. 468.
478. 480. 482. 483. 485.

cles, 1101011, 11100101 1011110111.
138. 314. 413. 450. 461. 404. 475.

0100, 1101110111 von, 111111 8100101 v.
Brixen. 498. 499.

0 1 0 ve· 516.

0101101111 3111011101. 310. 313.

011101 ow. 288.

001110301οἳ 278.

000001Ιί0. 223.

000110000, 1010111100465.

0011111111110, 1100101 der Wiener
0111010. 409.

0011110, 1101101011 111110100111. 75.

00101110,Αο01110. 180.

0 010110, chrisostomo. 108108113.

0010111, Fabricio. 161. 182.

00101100, 110100110110. 432. 439.

00101111, Pompeo. 479.
00100110, Prospero. 180. 458.

0011110111313.

conegiinno. 173. 223.

0011101111, coepero. 504.

0011001,.11101. 444.

0011111100,Βο01.270.

Gordian = carignano, 810111. 521.
523.

00111011, consalin-cernendo de.

180. 181. 432. 433.
cosdore, 1101110010 de. 168169.
0 011 1. 496.
0011010, 1110001 Giorgio. 425. 427.
0011101110, 1011111100 de. 177.
001000, 01101051.
0011011 = Koszysze. 268.
00111101. 412. 447.
0000 10311101. 388.
000 mes et 11011100, 1111010. 275.

 

