1111. 385

11311, 111111111111311 Η113111, 1111111 11111111 1111111111 1111111-
1111111 11111111. 1111111111 111 111 1111 11111111111111111. 11111111
1111 111 Ρ1111111111 (11 111 111 11111111 1111, 3111 1111111111) wider
1111111111111111. 1111 1111 dem 1111311 11111111111 hinachziehen.“
So 11111111 111 1111111111Ρ1111111111111 3111111, 1113111111111111
11111111 1111111. 1(11113111111111; 8111 vatter Η11111111111111, Guber-
nator im 1111111; 8111111 Β1111,1111111 11811111111311; 11111111
Ρ111; Maior 1111111, 111111 Τ11113311 111 1111111 11 Neapolis 111-
1111111111; Zwen 3111111111, 111111, 111111111111111 3111111,1111111
1111111111 3111111, dem Kssnig 1111111111111111111113. 1111111111
111 11 11111 111 111111 1111131, 1111 111 1111 11 1111111111 1111 111113-
311 3111111111. 111 1111111Τ1113311 11311111131 1111 11311111
worden, 111 11111 11111111 311111 mit dem Ζ1111311, 1111 111
1111111 11111111 1111111111. 1111 dem 111 111111111 11111311 11131-
111111. 1111111 aher 111 Ρ111 1111 1111 1111111111111111111111, 111

were 111 1111111111 111111 3111111111, 11111111111111 1111111111 s

11111111 worden.

( 111. 393⁶.) 1111 11113111 haben 11111 1111111 1111111, 111, wo
11111 11111 111111111111 111111· 111111113111 111111, 111 11111111·
oder 11111111 1111111111, 11111111 1111111 11 dem 1111111111 1111 Ε11-
31111111 1111111, 11111 3111111111 111 1111113111111111311311111111-
11111111111111111111111 1111. Wo 111111111111 3111, 111 1111111111
1111, 11111 111 Summa 31111. wie 3111111111,11111111111111111111111,
81111111111111111, 1111311 11111 1111111 111111 31111111, 11111111· 3111111
111111111Ρ1111111111111. wider 11111, sodoch 11 111111 1111131-
1111111111 111111 11111113 3111111 11111 1111 Ρ11111 3111111111 111111
1111, 1111 11111111 111111 3111111311 111, 1111111 1111111 11111 11111,
1111 1111 311111111111, zw 111111 1111113113 111 1113111111131111·
’1111111 1111111, 811111111111 111 1111111 1111111131111111. so 111 111
3111111113111111111, 1111111113, 1111111311 111 111111131111111111.

1111113111111111 1111111111111311111111111.

111Ν11111113Αρ11111111111111113111131131111111111ῐυί11, . ι .
1111 11111, 1111 1111311 1111111113 811111 111111. 11111 111Τ1111111
3111111111, von 1111 3111 1111111113, 1113111111111 3111 81111111
1111 11111. 11111111 111 Graf Τ1111111 Nadassdj 1111111. 1111 11113
111 3111, 111111111111111 1111111111 81111111, 11 111111 11111, 1111111·

11133 3111111, 1111 1111111111 111 31111Ιί1111 111111111111111
Fontes. 111. 11

 

