ww. 1811

110 111 10110111113 101· 101101101 1111 111 001111 1111, 111 palin
1111 13111 1111 1113100001 1110010111, 101 01 1111011118011101100
801110 1111110110. 1011101110 101 01 110301 81131101, 1111 1111
110 1101 111110, 11011100011101111001111 1101100, 1101011111110
8031 1111113010301 101101, 01100001 01 111101100 1111101 ’1111100
0101 1101101 110 801111. 111 1111011111 11010100011101101, 001110
110101110311 101 1111111111111 Neapolis 30101 101, 1111111031111
111 01001111 1011111, 1110 11110 00 111 8101101. 11111 00 11011 wir mit
vollen 80311 1101 Africa, 110 101 111111 310113. 11111 1011011111 110
11101 111111 1)111111101101, 00 101101 111 1110000111 1111101 11101.
1101311 3111, 1111101 3001 111111. Ans 11110101 1011111111 111-
11011, (111. 1311101101 11101111111 81111 1101101. 101 111 110301
83111 10101111 3011101, 1111101· 101Τ1110111101 110 8011110111
101111 3000101. 80111 11100 in 111 1101 10110113010101, 1111 111
113 1111 11011111111 1011101. Die 80111101111110110110301111,
1110 111 11 0110110101 81110111131111011 1111 1101001311111001
110111 3011101 0011. 1101311110 11011 111 110 1011 1101 port 111101
811111010111110110111101111. 1110011011 111111 1111110, 1111
110010111111113111101101. Wir 101101 111 311 1101130 10110111,
1111 100 11111ἰο01 1111111, 00 30016011003000111111,1111111011
1100110111ογ 11101110111101, 111110110111), 110301011111111 011·
11010113110011011 0111 3010301. 111 1111101 101 10111011 11110101
1101 10011111,101310113110011011 11 101· 110101101111, 111310 11,
wie 101 1110111101, 00111 8111111130010110101300011111013111301
11110,1111130111100011101110001 3101101 cruciata, (1100101101
sy 110 11111001 3111). 11111111 1111111001 801111 101110 pannea,
weil} 110 111ορ11110101 1111111011 011101 3101 1111113010111011101,
1111 101 113001011ου 111 111 ’1001111011 3011101. 1111111 1111111 1011
1111101 dauon 110110 30101 wollt, 0011011 01111 001101 Spin 11, 110
11011011111110111, (111. 139⁵.) 811010 Crucis 1111 (11111111, 1111
111011 800101113 1011181011111 zw worten 1101101. 11 1011 00

1101111 101 1101101101 mit 11101 1011130111011011011111001111111
80111110,1111111111 1011 111111 11 110 31000 801111σο11), 1011011011,
1111 wir 11 1011001101 zv 801111 11101 11011101. 11011 31111011Ν10110

———-———---

¹) 11111, 110111111010 101 Pityusam.
²) F'ormentera.

 

