1111. 179

11111 3111 81111111111111,1118111111,111111 111111111111111111,
111111 wir 11111111 1111111.
111 11111111 1111 11111111, 111111111, grosse 8111, 1111111111 11. 111.

11111, (111 111111 (131. 1213811111111111, 11111111 1111 auch mit
1111111111 1111 11111111 1111311111 mit 11111.

111 1111111111 ing 111111 wir bey 1111 1111111111 1111111 1111111.
111111 1111111 Τ111, 111 111113 11111111 wir 11111 geon Perg 111-
1111111, 11 ai'n 1111111 1111111 Lugian 1) gemunt, ligt boch am
purg 1111111111 111111 11111111.

Am dreyzehennden 11111111111111111 11111131111111111111) 11. 111.
1111 11111111 111111 11111111111113111 1111111111 ⁸). 111 1111- 11. 111.
1111111111 1111111111111111, 111 11111113 Stat, 1111111111 111-

11111 111111. Man sagi 111 11111 Stat ordnung 1111 111ςί1111.
1111 111111 1111111111 11111 meinung, 11111111111111111111 ge·
1111. 1111 sich 11111 11111111111111, 111111111111111111111111.
11 111 Stat 1111111 1111111 1111 111 cardinali, 11 1111111111
flabat Clemens gemunt ward 1). 11111111 1111 1111 Β111111 1111111
8111111111, Prediger 0111111 1111111. [11111111111111111111
111111, 111 1111 zw 1111 111111. [111 1131111111 ,11111 111111-
1111111111111“ 11111111 1131 111 ,111111 1111111111, 111
(111. 129⁵.) 1111 sol-g, leh 111111 111, 1111 111 armen 11111111, 111
zw guet nemen.“ 1111 111111 1111111, 11111111 zw 1111311111-
11111, 11111 111 311131111. 1111011111111 11111111 111 1111111111
zw 1111 11 1111111111113 111111111111111, 3111111111 wara
111111111113111111111 1111111111 1111111111 q

1111 111111 haben wir 111 11131111 811111), viterb md
geon Rom gemmen. 1111111111 wir 111 11111111) 1111111111-
111111 1111111, 111 1111 111 111 11111111 111111, 1111 1111111
3111111111111111111111111111111. 1111111111 111 11111 111111

1111111111 mit 111111 1111111 111 dem 11111 genum, vnnd .

1) 11. 1. 111111, mi Ρ111111111111 1111111 111 11111311.
²) 1111111111, 11 111 111111111111111111 111 11111111.
⁸) Searperia 11 111 1111111111 11111111 1111111111.
ι) (11111111111111 von 1111111, 1111111111 1123111111 Clemens 111.
⁶) 11. 1. 81111.
⁸) 1111111111111 1,1111111113111
12*

 

