1111. 42⁷

Paulson 111 11111111111111), 111 11 1111111 1111111 1111111 1111,1111
den Venedigischenainen 1111, mit 1111111111111111Ν111, 1111111111-
111 11111111111111111111. 11111 111111111111111 11 1111111 111 1111111
111111111111). [1111111111 11 111 11131111111111111111111111111·
11111111 gewert hat. Danu 11 111 zeit 1111111111111111111111111 pass
111 111, Doch mit diser 1111111111111111. Er 1111111 gar wol, daz der
11111111 111111 111· 1111111111 11111111 1111111111111111111111311 1111,
1111111111 11 1111 8111111 111 1113111111111111111111111111, 11
11 1111111111 hott, 111111 11111, mit 1111 1111111111 111113 von Frank·
111111 11111 gezwungen vertrag 1111111, 1111111111 1111111 11111111 13¹¹ssfl¹ff¹fflg
111111111111111111111111111111111111111111111.011111111111111111 ’ ' ’
auch die 1111111111 11111311111111111 111 111111, 1111111111 Kunig
11111111111 englant 11111 1111111111. 111111 11111, 1111111 ich 111
brief nit 3111111111), 111 1113111111 111111111 1111111111111111111
1111111111 111111, 11 111111 durch 111 1111111111 11111111111111111
11111111111111111111111 111 1113111111. 111111 111111 ( 111. 5⁶.) 1111111
11111111 1111111 111111111, Suadet durch 111111111111 gamaindt,
daz ganz 111111 111111 sich «1111111311, 1111 11111111 11 11111
1111111111 1111111111 111 1191111111 1111111111 11311111111111111, 111
,11111111 nicht, dan 111 1111111111 111111111111111 111 111111111
1111111311 1111111, 11111111 111, 111 1111111111 1111 111111111. 1111111
11 111 1111111111 11111 1111111111 1111111111, 111 111 1111111111
1111111111 111 11111 111111 11111 111 gepyrg in 111111 1111111 hetto, Dess-
gleichen 111 111111111111 1111111, 1111111111111111111 1111111111-
1111111 11111111, 111111111111 1111111 111 1111111111. [111111111111
1111111111 111111111111111. Wiewol die etwo grass 11111111, 1111-
111 sy 11111 1111 1111 11111 fliehtig. Ainer genant 1 (11111 (1111111111),
111 111 1113111111 Β111111111111 11 111111, 11111111 111 1111111113 der

Venediger 111 1111131111111111111. So 1111 1111111 noch Miser

1111111111111111111111. Die 1111111111 1111111 31111 1111111111111,
11 1111111 menig 1111 11111, tugen 11111111111111111111131311

m

¹) 11111111 [1111111111111111.
¹) 111111 111111 1. 1. 0., S. 302, 1111111111,81111111111111111111111131,18911,
1111111111 [111111111111 1111111131 1111 11111111, 11 111111 Seite 11111111111

1111111110111111 111 8111111111.
⁸) 11111111 1111111Ρί11111111. 11111111. a. 0., S. 901.

 

