5&

1111111111113. 310.

11111. 278.

11111111. 280.

111111111. 108.

1111111111. 280.

1111111111111111. 10.

111111111111, 111111. 213.

1111111111111, 1111111. 213.

1111111311, 8111111 1111811111 105.

111131, 31111111 1. 1111111111. 102. 103.

11131, (1111, 1111111 811111111. 12.

1111111111. 311.

111111111, der. 270.

111111113111. 10.

1111111111 Ι (1111111110) 111 11111.
20. ’

11111111, 33111111, stipendiarius. 1.

1111111111, 11111111. 385.

11111111-81111. 332.

111111111118.

111111311111. 327. 371.

1111111, 1111113111. 138.

11111111, 1111111. 153.

1111111111. 118.

11111, 8., 1101111111117.

1111181111111, 11111111 111 11133.
102.

11111 1. 81111, 31111111 1. 81111111.
278201.

11111, 13131111. 12.

1531111111208288.201371300.

1131111, 111113. 301.

11111111111, 1111385.

111131, 111111. 120.

1 1111111111111111111111111111111.

11111111. 270.

11111111113, 1111 11111111. 287.

1111111, 8111. 280.

1111111111, 11111. 325. 328. “

11113111. 383.

1111. 88. 80. 201.

11111, 11111 11 1111 1111111 1. 111111.
188180.

131111. 205. 300.

1311111, 11111. 107.

1111111,811,110.

1111, 81111, 11111111. 120.

1111111111--011111. 278

1111111·-011111. 267. 311. ¹

111, (111, 1111111. 100. 102. 105118

lmen-See. 117.

11111, 1111. 328.

1111111. 111.

111111111ιά1. 100.

111111] 11111111. 128.

1111111111111311111108210211

113111111111. 5. 1318131111εῆ1.

1131111111. 258. 528. “

1131111111. 105.

1111111. 318.

111, 111111. 132. 133171. 48⁴-

11111111 vm„ 11111. 11.

111111111.81.8281.132.131118
111. 1112232117. 250. 205. 302

‘ 1111111111. 111 111 111111.

112. 150. 151. 153. 155. 157. 110
1831811115. 180. 172171. 171.
170. 178. 183. 188. 187. 108 510
518. 518. 530. 532. 533.

1111111111111111111. 111.

1111111. 112181178.

1111111111. 375.

11111111, 1. 1131111111.

11111111 1., 0111111111. 81111111·
1113. 80. 00.

11111111 11. 111 8111111113. 311.
358373. 511. 11111101111111111·
1113, 1111111.

111111111111. 313.

1111311,11111 Wolf, 111111111111
110. ’

111111 1111. v. 8111111111, 111111. 21¹
11111111. 202.

111111, 1111131. 1111111111. 07.

111111 111., 1181131. Ρ111113ι1 531

1111111 11., 11111. 1. 1111111. 100.

1111111, 1111113 111 1111111111101-

111111-11111111111111111161

111111411111111111. 0111111ῦο11
01111. 1. 8111111. 311.

 

