111. 443 ·

31111 guet, 1111 111 111111111 pey Kays. 111. 111111, 1111111111
1111, 111 1111111111, 1111111, weyss 11111111. 0131111111111 Sigmund

von Dyettriehstain ist pey 11111611111111 111111 111111 11 1111111311 ’

11111εῇ1311, 1111 1111111 111 1111 11111161 1111 worden, wiewol 11
11111 11111111 person was. 1111111111Ζ111 1111 1111111111 111 111111
1111111 1111111 1111, 11111 111 111, 1111 111 1111111116111111,
111 111 11111. 111. 11113, 1111 also zehayssen gar 11111 11 1111111
111111111 111 1111111111 311111 111. 11111161111111111111, 11111
111111 11111 alles 111, 111 golt getrngen 111, 111161111111111
ist. Dan die sugger von augspurg 11111111 gross 1161, 1111111111
perehwereh zu 11111111111111 31111111 111, in Versatzung weyss 111
311111 daran sy 1111111 ob zwaymalhundert 1111111 guidon erlanngt
haben. Daz Pfanhauss ist vast gar 11111 16111111 31111111, also 11111
11111111 11111 11111 111 111111111113 111 1111111 3111111111. 1111Ζοί
1111163, 11111111111113111 11 111111 111111111111111 1116111.
Allo hersehafften 111 31111111111111116111131111161 111 1111111
111111111111111111 111, 11 111 111 111111111111311161111111111111
1111, 111 111111, 111111111111,111111111111, 1111111111 111 gar
11111 11111 11111111, 111 1111 Kayser 1111 [1111111111 116111111.
111111111111 111 Vols, 11111111111111111116161161, 1111 1111
1111113111111111111111111. 11111111 1116111 1111111111111111 11-
111111 1111 11111 1111 (111171.) 111113611111111111111111, 3111111
111 1111111111 1111. 111111 1111113111 1111111111.

111 111 11111111111111161111. 11111111111111111111 1111161-
suegs ln 111111 11111 1111111111 111111116111111111.111., Sol
1111111111111111. 111 11 11111111, 111 Κ111.Μ1.1ο1111111111
abgang verkundet ward, 111111111161 111 geminen gerichtsleut
wider 111111ς111111 11 1131111111, 1111 1111111111111 1111 mit
aller 111111, 111 11111111 111 161 111111 11111111 11111161 11 11111,

16 1111111111 1111111611111111. 11111 111111 111 111111 11111 1111111, ,

11 111 1111161 36111111111111 1111111, 1111116111111111 11111111,
111111 11111 111 1111111 11111111111 111111161111111111, 11111
1111111161 11111 11111161111 1116. Dan nit 111111 111 dreyssig oder
viertzig 1111311Ρ111111ς111, 111111, 11111111111 1111361, 1111111
611111111 1111111, 111 111 11111 111 sugent 111111111111111.
11111 1111111111111 11111111111111, 1111 1161111111111111111111.
111 wider 111111 1111111 111 Jagu 1111111111111111111111111,
noch 1111 111 1111111 bewilligung. Darzu wardon 11111 1111111111

 

