040

8111011, 800001. 11. sptem 81000404.
400. 407. 401. 100. 471. m 470.

8111011, 8000001100, 1101000101 Κ.
1101101111ου0 Ι. 08.

811100, 0000001100. Riepper. 188.

8111011, 1100001101 10. 400.

811100, Probat Hieronymus. 014.

8111011, 81001 818. 440. 400. 408.
404. 400. 471. 478. 474. 480 489.
400. 407. 498. 001. 007. 012 010.
018. 020.

811100, 1101110 Teia 1011 000.

8100. 110.

81000111. 118.

810011101118.

81000001. 240.
81001 0. 0. 101100. 2021. 00. 208.

204. 284. 828. 887.

8100110. 0. 101100, 801000010ωο0
800101. 28.

81001 0.0.1101.182.188.108. 100.
102. 184. 100. 200. 800. 818.

81001 001 10100013. 208.
81111130 10 8101100111. 44. 40. 00. 422.

8111110. 107. 108. 204. 200. 414.
8100001. 200. 200. 407. 020.
8101100100. 818. 407. 400. 478. 470.
470. 407. 001. 012. 018. 088.
81110000001111100 00000111408.
811010-111011011. 200.
811010100 0. 11100110. 200. 870.

8000010. 108.

80000010 0010110011000001011. 101.
80011010. 290. 807.

80011111. 800.

80000011 000110010814.

800000001011. 178.
80001, 010 0110100000. 801.

8011111010. 228.

800, 81000111.
8110 anui, 81000. 277.

nui, 81011200277. 280. 820.
8010, Le-. 221.

8111011, 11010. 00. 02.
801800. 240.

801001. 8011110001. 837.

Engo, 1001000 00. 400. 411. 411

8013000. 501. m

8013000, 8011800100. 02

80111000, 8οΜ Philipp 100221

Burgus, 1001000 200.

8011000000,80000 8000111111 1. m

801000, 01000100, 0100011011. 1101-
01010101. 207.

8111110, 0. [11010.

800111111828.

00011011. 184. 180. 180.

00101011, 00101001 S. Sixti. 408

0010110, Pori. 5130111011. 181181

&ludum-Kallia 887.

00100100, 8110001011. 427.

0010011110, 00101100 1101101010. 081.

0010003110, 1001001100 00, 00101001
400.

000110, 8011100 von. 140.

000011, 10000000. 442.

00101001 0111 1100101. 100.

0001110. 807.

Capu 00181101. 188.

Capu 018010. 180.

0000 801000. 188.

0001101100, 1100111001. 800

Capua. 181.

capus, 8110100001 Melas. 180.

0011111110, 8000101000189.

0010011, 0101 8010010. 182.

001100011081001021.

001101111, christoph, 80010101. 202
200.

001000058010010. 010.

00100000011, 010001. 184.

0010010. 800.

0010001100. 221.

000001οε001110100010, 11011. 1.
082.

000011011120.

0000010. 228.

Cass 01, 001010001100.192 200.

00000111-800181100000800811.

00010100100. 170.

 

