m

Philipp 444 8443440, Herzog. 224.
422.

Philipp 0. Grorrmirihige. 144ος1. 4.
1144444. 308. 480. 401. 504. 523.
525. 520527. 528. 533.

0111 ipp, Pirizgrni 1. 111414. 403.

Phiiipp 1. 4. 8444144. 44. 104. 401.
408. 441. 445. 450. 451.

Philipp 11, 8414 1144141. 520.

Philipp 444 0144414414. 11144141 44
844144. 200.

0111141141. 383.

01444444. 308. 170.

01444,1·’1444. 173.

0144444114173.

01144-1144, 014. 203.

01144 41, ,14141 440 841410 4. 332.

01444014. 514.

01414, 01444. 271.

014141441144. 278.

014444 41. 222. 405. 510. 520. 531.

014414444444, 044. 424.

01441441. 107.

014444, 14144114, 11144 81. 14444-
44411. 143. 145102.

014441, Friedrich. 243.

0144414411. 120.

0144414414. 287.

01441γε 8141144. 325. 320.

0144144414. 278. 320.

014144, 14414 rii 844-. 180.

0141441, Friedrich. 201.

014144. 278.

01444 01040444. 420.

01134444, 11414144 ioh.. 1144411410.

11401414. 10.

011444. 310313.

Ι 0144144114, 11144444, [1441144141.
200.

01444, Cape 041. 188.

0144444. 470.

mmmmmmmm
375. 377. 378. 300. 301. 302. 303.

0144444180.

0144114. 300.

0144114444, 34411410, 3144141444
chiemsee„ 413.

0144. 423.

01444414, N„ 11441441 von. 100

014144. 72. 73. 77. 78247.

014144, 11441 ’14444 441. 84.

014144, igi. 4441 1110441443.

0141444144. 278.

01414 414, 11481444411444144202.
0111311444, 04414. 425 427. m
0144111.,0. 300. 428. 420. 430. 432
01441441444. 470.

0144444301444, 11444. 223.

014444. 8.

014414441414,1144104414,ᾓο
1444 44. 104.

01441444141444, 11444 341444. 10.

01441444, 11444 104111441314.

014144τ-01444, 01444. 223.

014444148441444. 00.

01411 im 0404144 = 01444 01 041444.
420.

014141144144. 401.

0144144. 128.

01444, 8411444 440 81401. 100. 131.
283. 288. 205. 323. 324. 327. 344.
304. 300.

0141414, 114144οο4 Pei. 841144114
274.

01141441443ε11444410. 331. 331.

014141, 11444 11404444 (1141443141
444. 202.

01441, 04414114144444444. 404.

014141, 044 11414404 444. 377.

04, 01444. 178. 470.

044144441144ε114444444144324.

04444141. 205.

0404414844, 8411444. 404.

0401144441144. 327.

P 01144 , 044141 1114141 4. Τ4441444444·
044144. 150.

041144, 81. 55. 280400.

0444144. 321.

044144, 04104 ron. 18. 20.

Pii 4 ing, 0441 ’1144444 von. 01.

 

