00 0 11, 111300, Αο101010110101000 010-
1301110 1111001189. 30.

0011010. 378. 390.

0001010011. 378. 390.

000, 01000129.

00000, 0101. 0. 22. 23. 21. 27. 28.
30. 103. 133. 211. 301. 333. 383.
308.

00000310010, 1111111010. 30.

0000000113. 87. 100. 203.

0011010010. 111.

00100303003. 272. 273.

01003003010. 291.

0100, 010. 290. 301. 383190.

01003010. 318.

0110001. 111. ’

0100030003. 130. 272. 273.

0100000011. 308. 309. 313.

0100000011,103. 311010, 1110001
000. 210.

01001. 273.

01010001, 1101101. 10.

010110013. 273.

010000111.

00030100120.

00310110, 103000 1., 0100301100
0311011. 313. 300.

00310000. 130. 270.

0111103110. 113.

0010 0, 310011111010300300230317.

0011, 110000 100 001. 211.

0310010, 001. 83. 80. 87. 93.

00100. 217120.

0000, 01000. 111. 113.

0010011111,Ηο00110000. 78.

000100013. 119.

011100, 01000. 111. 113. 123. 130.

· 03001301. 88.

03010000100,1101100110010100-
1101001001. 19. 20.

030103010. 203.

030100011, 9031000. 3.

03010001130111100. 31.

030100011, veit 100, 000000 1111110.
31.

313

0301010111, 0100 0110. 100. 103.

030101010, 3101100100 1. 193.

001, 01. 10300000132.

00101, 100 0110013003, 31010101 Peter.
10.

0011, 110000. 213.

101, 100,.-011110

0001000. 380.

00100001001, 10010. 213.

0001, 0. 00001.

0001, 010. 313. 313.

000, 00010100. 217.

0000111010. 313.

0000113010, Salomon 011010.

00000101000. 219.

031000 0, 30003. 1.,111000. in 810101·
mark. 112.

031003010, 0011003011. 103.

03100301001 1110000. 101. 327.
332.

0310111010, 11013011 100. 83.

01030, 3010011011100101. 99.

010301101, 0100301 Gabriel. 81.

010100011. 101.

011003010 0.0. 110100. 93.

01013001, 98.

0100103010. 311. 312.

010001, V. 0. W. W. 31.

010001, 001. 110118. 171. 312.
318319.

01000111. 219. 290.

0100001001. 13. 33. 300.

01001001. 128.

01110, 010, 01000102.

0111100, 11103001 100. 181. 208. 219.
237. 202. 111. 139.

011110 0, 00010 100 17. 000000 001-
110. 18.

01031 1. 000100003101010110101. 10.

01003, 0011 Heinrich 1. 78.

0130, 010. 89. 90. 9097. 98. 99.
279. 300. 328.

010013003,11011100. 31.

010 00010, 8030001010010. 001101.
321.

 

