172 Α 1111.

11111111 herm 1111 111 11111111 1111111111 111 1111111113 1111111111.
11111 1111111 1111 111 111111111111 11111111, 111 11111113 Τ111111 zu
1111. 11111111 leh 111 111 1111111, 11111111111111111111111111111111
11111111111111111, (131. 122⁸.) 111111 1111 11111111111111111,1111-
1111 111 1111111111, 1111 111 111111111, 11111. 1111 dem 11111 11111 111
1111 11111111 11111111111 11111111· 111111.

111, 111 11111 111111111111111111, 11111111 111 1111 111111 11 111
111111 11 lanng nit 11111111, 11111111111 wir geen (111· 1111111 Τ11111, ’
1111 111111. Vnnd wie woll 1111111111111111 111111, 111 11111111 111111
11 11111111, 1111111111· ,1111111111111111111111 11111111, 11 ward 11111
mir 1111 11111111 11111111 11111111 11111111 1111111111. 11111111 11113
1111 111 311111 11111111, 1111111 wir 11111111111111. Das 1111 111
8111111113 11111 gotzleichnambstag.

uni. 11111811111111111111111311111,8111111, namen wir das Frfie·
11111111111111111111111111. Die 111111 111 1111111 (111 111111113111-
111111. (111111111111111111111 11111, 1111111 11111 11 1111111111
311113, 1111111111,111 1111111111111111111111111. [11111 1111 111111
gegen der 1111111), 111111111111111, 111111111111111111111111111,
111111 11111111 1111111111 vom Fryaul oder 1111 Venedigisehen. Sein
1111 111111. 111111 1111111111 1111111111 11 111 1111111311 Clausen 1), 1111
11111111111111111111111 11111111 ⁸), da wir 111111111 11111111. 111

was durch 11111111111111111 111111· 11111113 1131111111 ,1111111111 ·

11 (Be. 122⁵.) Ρ1111111111 wgo, soll 11111111111111111111 11111111
11111111. Dargegen 1111 1111111111111 ,1111111 1111111 Pruggen (111
1111111 11 111Ρ111111)11111111, 1111 1111111111 1111 recht 11111111“. 11111
1111111 Pruggen haben 1111 111 finden 11111111.

uni. 1111181111111111111111111111 11111 Ρ11111111111 1). 1111111111
1111111111 ⁵) 1111 dem Perg Soph *1111111111111111111111111111,

1) 11111111111111 111 (1111111 1111111111111111111.

²) 0111111, 11111111 111 11111111. 1111 Zug der 61111111111111111111 durch das
’11111 111111 1111111, 1111181 111 Pena.

ι) 1111111111111111 villanova, 1111111111 111 0111111.

1) D. 1. 1111111111 111Τ11111111111. 111111. 11. 11111111 1111111111 1111111111.
8111111111 1632. 111. 111 11111 Β1. 2, 311. ι

⁵) 11111111, 1111111111 11111111111111111 (111111111111.

⁶) Die 1111111113111011111111Τ1111111111111. 111111. Τ1. 1111111111111111 111-
11111 111111111131111111 Krieg 1111111111111 111111 1812. S. 1111111111 111
111 S. 28.

 

