131 1111.

1111 mein 1111111111111111111111, 111 1111111111111111111111 zn
Vitzentz 11111111111111111111 111111111111 11111111, 111111111111
1111111111111111 11111111111111111111111 1111111 haben. Wie-
1111 11111111 11111111 11111111 111111 111 11111111111111,1111111111
111111 111111111111111111 111

[1111111111 1111111111 gar 1111111111 11111111 111 111111 11
1111111111 111111 11111111 worden ln 111111111111111111 11111;
111111 1111 111 111 111111111111111, 111 1111111111111111111
duona} 1111 111 11111 111 1111111111 1111.

1111· 11 1111111111 Zeit [11111111 11111 111 11111111111111111111111
111 111111 11111111 111 11111111 111 11111111111111111111111111111
111 111111. 1111111 111111111111111111111111111111111,11111111,
111 [1111111111. ,1111 1111111, 1111111, 11111111, 1111111111 11111 111
111 gunter 111111111111111111111111. 81 1111 1111 mit 11111111 11111-
1111 111 1111111111 1111111111 verbanden ,111 11111111111111111111111
111111111111).1111111111111111111111111111111),11111111111111
11111111111) 111 1111111111 11111111111, 11111 1111111111 11111111.
(Zu lang zn benennon). (111. 10⁶.) vnn 111 11 111111 11111 111 1111111
111 111 1111 gangen, 111 11111 111 11111111111111111. 111 11111-
1111 111 1111111111 11111111 11111111 111 1111111), 11111111 1111 mit
11111 1111111111 111111 1111111 1111111, 81111111111111111
1111111 1111), 11 111 11111111 Ζ111 111 111111 111111 gemunden, 1111
walchen, 111111 1111111111111). 11111111 11111 111 1111111111
engeben 111111, 11 1111111111 1111 111111111111111, 111 11111 mit
111111 111111 111 1111, 11 darauf 11111111111111, 1111111111
gewinnen 1111 1111 111 11111111, 11111111 111 111111, 11111111111
anch 11111 1111111 1111111 11111, 1111 11111111 111111111111111
1111111, 1111111111, 111 111 111111 11 111111 sind. 1111 111 111
11111111, 11111111 1111111111 111 111111 111 11111111111111111111
11111111 1111111 111 11111111 11111111111111111. Dan 111 11111111
1111111111 gras 1111111, 1111111111 111 1111111111111111111111111

1) (1111 christoph 111 1111111111, 111111111111 111111111111 11 11111111.

1) Η111 111 1111111111, 1111111 1111111111111111 11 111111.

1) 81111111 111 bamberg.

1) (11111111 1111111111.

1) Ι). 1. 011111.

1)(111111111 Contu di 8111111111 111 111111111111, 11111111111111111
1311111 11111111, 1111 manche 11111111· 111 11111 1111111111.

 

