1313. 433

vicere mit 1313331 1311, 3331 131 1313 133 1333131313 3111133
(Βὶ. 9⁶.) Teutschen, 131 13333 131 113113 13131311 131 Padua, hest,
113311313 ¹), 131 piss 33131 1111333113131); 131 1333111 dem 1131
3331 31 piss 333 11313313 ⁸). 83133333 1313111 133 11313313 113313
33333 11333113 uerte, 131 13133311 3111311331 33133311311131
11333113 333331331 13133131113 1113311331 331 131 31131133133
sein. 131313331333331 131311311313313 111 1131113131), 131111133
131131313113313131131. 1131311131131131 13113313111131113131313,
131 133311131 1331113133 13 padus, 1111311113313113113131131-
seben, daz 3113111 1313 33313 131 [133311313111 113 11311131331311
13311311 131. 113113 13111 13131 31333313131313331313131. Su
waren 113133133131 nit 1131 33111331331 113131, 3131 33311331. 113
33 113 Walischen 33 1131311 131 131 Τ33113133 33 11113 waren,
1313131311131113131113 sy 313131 313311 1131133311 spil 131131113133,
13131113131 1133131 ethich junge 13113 133 11311113. 113131 3131
131 Walisch 1333111133 33133 333131 331331131113113, 13133 113
teutschen 33313311333 1113111111 ⁶) 13133131, 3331 1133131131331331 1. oet. 1313.
133 13111313313331133111 31131133, demit 113 13111 33133311 131 3113
1113133131 331133. 113113111 1313331 131131 113 111313131 13
3131131 13131 3313113, 1311333333 113 teutschen 31133131131. Dess-
131133133131133 131111 311 3313111 1311. Dan 113 teutschen 131
1111133133 mit 131333 tannen, 311 313 13111131 131 Raysigendesgleichen
1311111131 133 131311331313, 131133 3113 331313, 1313131313 1311313
13311333113313, 313 13113311113311 1311311331, 3111133311 fristlich
1111111113333313111331131311133. Die Knecht schluegen mit den τ - ” ”
1311333311311313 111 3133131 mit (Bt. 9⁶.) 133 1313113 33131331 13
1311131131, 1311313131 131 1133313 1333, 1311131313131 11333
111131113311 13133113311311313133 31131133 11331133. Huehen 33
’1131331113 1111313333, eylten demit 131 3131313133 113. 113111
131 113311 131133 113 133133 11111131 1331 3113 33133333, 311131133
111 3113113333, 131 13331111 13111. 1131111133311131 13113131
1331131311 11 11311111. vau 131311 1333331131311 1313331311311311

¹) 1133 131131131333.
³ 01133313.
1131313111.

 

