Ξ 9111111, 91111. 366. 369. 192195.

196. 501. 512. 513. 516. 521. 523.
525. 527. 529.

9111 111.,91111. 135.

9111 81, 1111 1111111. 163.

9111 1111111111, 111111. 1. 11111. 360.

9111, 9111111 zu st. 1111111111 111.·
11111111. 10.

9111 1. 1111111111111,111111. 1. ’111111
121.

91111111111, 01.91111,1111.1111-
1111. 257. 197.

91111. 181. 161170.

911111, (111 0111131. 75.

911111111111.... 119.

911111. 169.

9111111. 129.

9111111, 1111. 100.

9111111111. 88.

911111111111.172.

911111. 278.

9111111111. 196.

9111. 217.

91111111111, 1113111111. 265.

9111 1111111111, 113111111111111111
11 1111 1111111111 01111-11111111. 6.

91111 zu 111111111111, 91111. 197.

9111111, 11111111 111. 92.

911111, 11111, 9111111 11 111111311-
111111. 3.

9111111, 91111. 323. 11111. 111.

9111, 111111111111 1., 1111111311111
6111111111. 306.

9111111111, 01111111. 307. Ι

911111113. 90.

911111111111116111111111111.611·
1111. 31.

91111111. 129.

9111111 111111111111. 150.

9111111111, 1111111. 131.

911111111. 312.

911111111, 1111111 111. 198. 289.

911111111, 11111 1111111111 1111111-
1111 1. 301.

9111111111, 11111111111111 111. 299.

565

9111131111. 209. 220.

9111111111. 219. 299. 317.

9111111, 6111111. 169.

9111111, 9111. 11111111, 1111111111
111. 181.

911111111. 223.

911111111111. 325. 326.

91111. 131. 336.

91111, 811111111191111111. 113.

91111 11111111, 8111111 1111111111.
110. 257.

91111 11111111, 11111111111111111.
300.

91111111ε91111111266. 267. 370.

91111111111111111111111111111. 92.

91111111111. 289. 327. 361.

9111111. 310. 313.

911111111. 389.

, 9111111111 = 91111 11111111, 1111-

111111 (111 11111111, 360. 381.

9111111111, 61111111 111. 163.

9 1 11 11. 295.

9111111. 311.

91111 11. 119.

91111591. 179.

91111, 1111111. 131.

91111, Friedrich 11. 1111111. 359.

91111, 011-1111111111111111, Herzog
1111111113. 359.

911111111111 11 1111111. 106. 263.

911111111. 170171.

911111, 11111811111-81111. v. 110.

911111113,111111111. 81.

9111111111, 1111111 111, 11111131.
9111. 163.

9111 eg, 11111111111. 301. 313.

911111, 1111111111. 1. 1111111111.
299. 371.

911111111. 106.

91111111111. 310313.

91111111. 313.

91111111. 61.

91111 =Po. 222.

Philipp, Herzog von Braunsehweig-
1111111111111. 531.

 

