111 111111, 11111111,1111111.1.11111111.
19. 11.

11111111, 11111111, 1111111111. 262.

111111111. 63.

111111111113. 197.

1111111111. 119.

1111111111. 110.

11111111ε111111. 269.

11111111111, 111111. 110.

1111111111. 111.

111111111. 277.

11111111. 281.

111111111-11. 171.

11111, 11111111111111. 102.

1111111111. 307. 309. 310.

11111111, (1111111111 111. 113.

11111111, 11111. 181188.

111111. 289.

1111111111. 121.

1111111111, Gr. 111111111. 330.

1111111111, 0111111111 Concordia,
0111111. 329.

111 1111111, 11111111 - 1111111111,
011111. 329.

1111111111, 111. Τ1111. 11111, 61.
11. 329.

11111111111. 132. 2116. 289291.
323. 328. 312. 311. 371.

1111111111111111111111119.

11111111111 11 1111111. 8. 111111.

111111111111, 1111111111 011111. 71.

111111111, 11111111 Simon 1. 81111.
103.

1111111111. 381389.
1111111111 111 11111111. 101. 102.
11111111. 2119.

11111111. 276. 111177.

11111. 180.

1111111, Potor 11111111, 11111111
111. 360.

1111111, Wojwodo Stephon. 11.

111111 111 1111. 191. 192. 197. 210.
213. 217. 218. 221.

11111111111. 276.
1111111111. 276.

Fontes. vm.

561

11111111. 101.
11111111111,1.111111111111.
111111111, 11 11111111. 87.
11111-111111. 222167.
11111131111. 133.
11111111111. 223.

111111 11111, 6111111161. von.182.
111111 Leon, 1111110111 111. 182.
1111111111, 0111111111111 1. 100. .
111111111, 6111611131. 113111.

. 111111111, 1113161. 111111111111

111111 0111111111. 81100101.

111111111, 1111111111 von. 192 209.
209. 198.

111111111, Gfflioh von. 101.

111111111,11111111.100.101.

111111111111. 221.

11111111111. 187. 213.

1111111111. 213.

1111111111, 111. 371.

111111. 196.

1111111. 287.

111111, Herzog 1. 8111111. 132. 133.
131.

11111111131111,111111111. 396.

1111111111131.

1111111111. 261.

1111111111. 271. 271.

111111111. 130.

1111111111 = 1111111111. 273.

11111111. 130.

11111111. 269.

111111. 321. 3211.

1111111111. 273.

1111111111, 1111111111. 113.

1111111.91.103.110.113271273.

11 11111, 81111. 126. 129. 273.

11111, 111 = 1111111111. 377. 378.

11111, 11111111. 199. 201. 208.

11111111111111. 221. 216. 108. 109.
110.

111111, Ρ1111, 11111111 11 111111. 101.
107.

11111111, 111. 106.

11111, 111111. 118. 119.

36

 

