Augsburgsr‚ 11111 111111. 434.

August, 111111118111111. 134.

Augusti ιι, Probat 11 11111118. 464.
469. 471.

1111111111. 64.

1111111111. 1011131. 288291. 323.
324. 327. 364.

1111111111. 390.

111 1 1 1, 8116111161 6’, 111111111
61 Ρ111111. 181.

11111111, 111. camullia.

111311111. 222.

1113111. 221.

111 lupar, 111111. 11. 1111111111311.

113111 ..... 149.

111111, 111111. 243.

8111, 6111111111. 101.

811111,Ρ111. 300. 301.

81611 11111111. 7. 8. 1124. 31. 36.
30. 40. 43. 46. 47. 48. 399.

81111111 11.,1111. 1111111, 11111161-
11111111 11. Coruin 11 8111111111.
21111 Wisu. 36.

811111. 266. 281. 291. 374.

811111. 22. 417. 113.

811111, 1111111 11111111 111. 81.

811111, Herzog 61113111 10.

811111, Herzog 1161119111. 493·

811111, 11111. Ludwig u. Wiihsius.
81.

- 811111, 81111181111111111. 217.
126.

8111611. 380.

81111111, 8111111 u. 81161. 99.

811111 1. 81616, Τ11ιιι11 8111. 1.
Grau. 404. 406. 407 .

811111, Paulus. 304.

8111111, 6111111111111. 388.

8111111, Major. 381.

Bulbus, Hieronymus, 8111111 111
11111. 217. 466.

81111111111. 61.

8116111, 811411.

8116 11 g, 1111181. Hieronymus. 442,

460.

137
81111111111111,81111116.3111.

Wulffaarsitsr.

811111111111811111111, 81111. s.

8111111. 341. 360. 391. 392

8111111111, Ρ11111 1171161111111.
412.

811111. 344.

81111111. 88. 264.

81111111, 81111111. 306.

81111 61 1111111611244.

81111, 81111161. 224.

8111111, 11111111. 412.

8111111, 1111111111. Zapsiyas.
290, 291.

8111111 111 1116111111, 11111111 111
Ρ1111. 373. 377.

8111111111, 11111. Admissi. 119.
120.

8111111 111111111. 77.

81111, 1111191.

811111111174.186.188.191.193.
213.

8111111111, (111111 111. 181.

8111111, 111111111. commeatur 11
0111111, 11116111. 1111116111. 312.

8111111111. 387.
811111. 286. 378.

Bartholomaeus, S·‚bsi 1111129.

Ba ry, 11111111 ν. aragon, 111111ςί1 1.
11111116 und. 107. 108. 111. 112.
182. 267.

8111111111. 321. 326.

81111111 111. 1111111111, 0111. 103.
104123. 121121. 126. 261. 270.
271. 273.

81111111, 1111181111. 368.

811111, 8111111. 382. 387. 388.

8111111, 1161111. 382. 387. 811-
phau. 381. 387.

81111, 8111181111. 111111611111.
403.

’ 8111111, 1111111 11111111 0111111.
14.

81111 6181111111, Franz uud 8111·

1111. 386.

 

