Τ111111, soh.. 011111111111 111111
811111. 10.

11111111, 11111111 011111111111-
1111. 10. 16.

11111111, soh.. 11111111111111. 13.

11111111, soh„ 1111 1111111 11111
111111. 11. 1111111111. 11.

1111111, 311.,111111111 11 111 Post
11. 15.

11111111, soh.. 111111 111 11111. 15.

11111111, soh.. 11111111111 11111
11111. 17.

1111111, soh.. 1111111111 111 soh. 1.
81111111111111 20.

31111111, 1111, 01111112811111. 20.

11111111, soh.. 113111111118111-
11111111. 21. 22.

Τί11111,311.,111111111111111101111.

7111111, 1111, (111111 011111. 37.

11111111, 1111. 1. (111111011111. 17.

1111111, soh.. 111111 111 11111 11
1111111111, 19; 111110111311111 11
11111111111111,10; 11111 weingarten
11181111111111. 50.

11111111, 1111, 01111111111 111111
1111111. 52

11111111, 11111111. 25. 35.

’11111111 , 11111111. 10. 11. 20. 52.

11111111, 111111. 30.

111111111111111111. 16. 20. 52.

1111111111111111, 11111. 110.

11111. 132. 151. 112. 157161. 182.
187. 510. 511. 527. 132

11111111, 0111111. 338.

1111111111. 131. 288. 205. 327. 311.
311. 301. 366.

1111. 318.

111111, 11111111. 333.

1111, 11111111. 102.

11111. 281. 282. 382. 387. 388.

’11111 ε1111111. 221.

11111111 1111111111111. 73163.

Το11111111,1’1111. 113.

311111111π11111311111111. 386.

111111. 1111.

577 “

Tot-gau. 88. 89. ι

’11111113 1111111. 378. 11111.
1111.

111111, 11111 111. 321.

1111111,111111111111 von. 100.

1111111. 119.

1111111. 286.

111111. 281.

1111111. 180.

Τ111111,1111. 508.

11111, 10111. 90.

1111111111. 61.

1111111111, 111111. 1111111 11111-
111111. 5. 6.

1111111. 318.

Τ11111111111,11111111111111. 101.
192. 199. 218. 117.

11111, 1111111111, 111111111. 81.
310. 112. 119160.

huppen, 01111111111111. 500.

1111111111, 111. 101.

Ττ111111,111111.111. 112.

11111111111111. 337.

11111111111111,111111111111111.

306.

11111111111111, 11111 Philipp 1.
110.

11111111111111,11111111.,1)11111
11 1111111. 150.

1111111111, 31111. 150.

11111111, 8111. 126.

1111111111. 287.

1111111111. 262.

1111111111111, 11111, 81111111.
212 257.

71111111111111. 80. 90.

111111. 50. 57.

1111111. 73. 173. 171177128129.
130131.

111111. 318. 125. 126. 158 160175.
186199.

111111, concii. 513 525. 531. 533.

111111, 81111111 31111111 11. von
0111. 138. 311. 113. 110. 101. 161.
171.

37

 

