111111 1. 31111111113, 1111131. 101.

103. 206. 208. 200. 210. 221.
Hence 1111111 roni Werd. 61.
11111113, der, 1111 die Suhn. 301.
11111111. 115.

1111111113. 118.

Η111111, herr 1111111111. 115. 162.
11111111, 0111113113. 107.
1111131111 = 1111111111. 311.
11111, reid genennt, der. 108.
111111113, der. 300.

111111113, 8111111 Perneck 111. 150.
11111113, 01. 0. ·
11111113, Dr.. 111111011111. 12.
11111, 111108.

1111111111. der 111. 262.
1111111111, 1111111101111, 0111111

im 1111111111311-061111. 15.
1111111111, 11111111 Peter· hehel 1.

10.

1111111, 113111. 11111.-11111113. 15.

11111, 0131111111, Dr„ 1111011111·
111. 312.

1111111-1113. 331.

1111111, 1111111111111.160.

11111111111111111, 01113, Probet
1111111113. 108.

Hence, Liendi 111. 173.

11111111 111 1111111133. 170.

11131. 310.

heyden, 1111111 1111111, 11111. 011-

311111111111111. 32. 33.
heym, 1111111 1111111 V. heyden.
11131111111111.12.

1111111111. 10.
1111111, 31101111111111111111111·

1113. 3. 11. 10. 25. 35.

11111113, 111111111121311111. 103.
281.

11111113, 711111181311111111 1. ven
Pelen? 200. 358. 373.
11111131111111. 01.
1111131111111. 10.
1111131111111,Ρ1111..10131113.
1111131111111, 01111. 1111111111.

510

111111111111. Frcnhreich. 503. 528.
531. 532. 531.
Heinrich vni, 11. 1113131111. 56.

106108112. 118. 183185. 323.
328.

Heinrich, 11111131. Breuneehweig.
182. 103. 501. 511. 523. 531.

Heinrich 111011111111131, Herzog
von 111111111113. 00. 180.

Helena, 11111111111111101111131273.

111111111111. 108.

111111111111, 8111111. 280.

111111111111, 8111111 1. (1111111111
100.

111111111111, Grai 01113 1111110.

111111111--11111111111311.

1111111110.

111111Ιί1 11 11111111-Ν111113. 51.

1111111111. 208.

1111111311. 501.

Heracli, 11111221.

111111111111, 11111 Andreas 1. 60.

111111111111, 3111111111, 311111.
252. 330.

111111111111,Ηο11011111. 1. 330.

111111111111, 11111 Franz ron. 330.

111111111111, 01113, Freih. 1. 00.
71. 72. 71. 76. 77. 70. 80. 81. 113.
187. 100. 252. 281. 301. 305.

111111111111, 61113813131111. 1.
305.

hechenheim Giinther v. 271270.
387.

111111111111, 11111Η1111 1. 00. 70.
72. 252. 330.

111111111111, 1111111111111 1. 60.
717170.

111111111111, 1111111111111. 60.

111111111111, 111110111 1. 60.

111111111111, 11111 huprecht 111.
266. Sehn Georg’s 1. Η. 270.

herhereiein, sign.. Georg‚ 111111
und hfilh. 111160.

111111111111, 81311.1.,11 11111113.
72.

 

