1511555-1111511155 18555555. 591.
523. 525. 526. 527. 528. 533.

15 5555 11., 11515. 1.65511155-1.5555-
11515. 98.

15555 5, Herzog 155 15151. 119.

15555511, Ρ15115151. 526.

155555 1155511, Ρ15511 1. 11511511-
5515. 3. 11. 19.

155555 S. 217.

15115115, 85551, 51. 85115. 295.

155555 8151115551, 6555 155. 15551·
ja's. 381. 392.

1555555, 11551515 1. 6555155155.

J ohannes, Erzb. 1. 1515515. 37.

1 5515555, 111555. v. Lund. 395.

15555551 1111, 11155551 155 01151111.
315. 369.

15555555, 11115551 1. 15155. 292.

155155 55 V. v. 81551551511, 11155551
1. 115151. 136.

15555555, 8111151151 155 515111. 12.

15555 555 8551551155, 0551. 273.

15515555, 91. 1. 1. 2155. 193.

15555555, 0515551155 zu St. sto·
55115 1517155. 13.

1 5555555, 8555 11. 1151115531. 52.

15555555 1. 1155115511515515511551.
66.

15555555 1. 8551155551511, 11511151.
15. 29. 13. 155555 1151115. 16.

15555555 111551155511515555. 855-
155515. 271.

15555, Dr. 1. 391. 395.’

15115155. 311312.

15555151, 1155515151. 198. 599.

151. 31.

1115155. 263.

15555115 1. 1115555155. 197.198.111.
112.

15 555115,11’111115 155. 25551351. 357.
381. 389. 392.

15115555195.

1555. 193.

1115115155, 1. 1. 7115511551· 5555111.
72.

553

1511111155, 615551. 122.

1151155. 519.

11115 15 5155511, 1111515511. 1. Sara-
5555193. .

1555 855111. 273.

151555515. 318.

15155551551 51555. 217.

1111155. 516.

1111155155. 11., Herzog von. 199.

1111155 551 915151151511115511572.
511. 515. 517.

11111551. 95.

155111155. 129.

151155 11., 15551192193. 195.

Julius 111„ 1111151531. 533. ‘

Julius, 1115551115515111115. 371.

1115511515, La. 229.

1555 = 1111555. 221.

1511555115, 1115151. 329.

11115, 15551. 189199.

11155 11551551155 11., (1151. 393.

115155. 313. 311. 316.

11515 555511 = 1155155511. 269.

11511155. 169. 223. 259. 117199.
591. ’

11515155, 355551515555855111155555
15. 399.

11515555,1“11111.118.

115155, 81511. 98.

115155551512. ,

1151555515, 111115. 22192.

115155551551 · 1151151, 91111151
111.

115155551551, 151, 515115155511511.
151511551511. 59.

11511555, 5151115 1151515111, Ρ515115
zu. 376.

115115515515151,951155551155151.
71.

11511515. 318.

1155115115, 1111155. 286.

1551155155. 269. 325. 326. 392.

1155155515. 266. 377. 391. 393.

1155511511. 217.

11511 JV„ 1151151. 312 313.

 

