11111111. 172.

1111111111, 511, Ι011111511111. 473.

1111115111 11. 111111, 1111111111Ρ51-
11163.

111111115111,1311111111111101.

1111511151. 267.

11111111-11115111. 22. 23. 24. 26.
27. 28. 39. 40. 43. 45. 46. 51. 54.
55. 57. 59. 226. 230. 231. 232. 233.
234. 322. 400. 412.

11111111·Ν115111, 8111 11111511.
26.

11111111·Ν1151111, 11181111. 1437.
42. 46. 49.

11111111-1111151111, 1111111 5111111111.
45.

11111111-111151111,6111111. 571111.
111111111111. 26.

11111111-11115111, Gan canonieus
(111. 14.

11111111-Ν1151111, 11111511111111-
111. 45.

11111111-11115111, 1115111111111511.
40. 50.

111 11111-11115111, Νο1ι11111111111
(11126.

11111111-11115111, Ρ111, 9111111 zu
81111111. 10.

11111111·11115111,Ρ11111118.5111-
11114.

11111111-11115111, Probat 01111 11.
408. -

Monta-neuburg,Probstsohfleehu.
3. 11. 19. 25. 35.

11111. 120.

11111111, Dr. 51111. 294. 306.

· 111111111π1111111111269.

111111, Paul. 385.

1111111111. 269.

1111111111111.’318.

81111111, 111111. 1., 5111-01111511
1511111115. 01111111 11 Τ1111. 84. 163.

5111111111, 17111-01111115 v. 493.

111511111111. 249.

1111 (1) 8111511111. 377.

, 555

1115111. 264.

1115111, 8151111 und 811111. 88.

111111 = 11111551. 110.

11111111--611111115 315.

11111. 263.

11511. 45. 250. 423. 457. 534.

115111, 6111511 Hermann V.. 61111.
1111111525.

5511115111. 276286. 341. 380.

1111111111. 310. ’

11511111111111. 107.

111Ιί1. 263. 306.

1111111 = 11111115. 328.

11111111, 811111 105.

11111111, 8115111111. 283292. 294.
304. 305.

11111111, 11115. Peter. 54.

1111111111, 8., Patron v. 0111111. 4.

1111111, 51111111 Ludwig. 64.

5111111111. 313.

11111111. 281. 329. 331. 336. 338.
510.

11111111. 58.

11111111, 1411151111. 63.

11111111, 4111511111, 1111111Ἢί1111
Martha. 47.

11111111, 11111. 3.

51111111111111. 402. 489.

1111111111111111, 3511111151. 121.

51111111, sumt. 101. 102. 103.
105. 423. .

111111111, 31101111 von. 101. 102.
103.

1111111111, 8111511 11111. 102. 103.

5111151111. 94.

5111111111. 324.

11111-1111151111, 14. 19. 22. 23.
24. 25. 26. 27. 29. 47. 344.

1111151, 81111111 1111811111. 91

8111111151 1511111117.

11111111. 115.

11111511111 = 1151111111. 286.

111111, 8111111. 278. 286.

11111111 = 111111. 278.

11111111. 324.

 

