1513-1314. 79

11111111 1111111, 11 1111 1111 1111111111111111111. maj„ 111111
111111111111111111111111111111. 1111 1111 11 mit 11111111111111 .
111111111111, 11 11111111 311111 111, 1111111111111 11111, 111111
1111 111111111, 1111 1111 111 111111111111111111 1111111111111-
1111111 nit 11111111 1111 111111, 1111 1111111111111111111111111
111 Rugkh 11111111111811111. Datum 111 Schilcherperg 111 1111111
113 111 1111111 111111, 1111 Domini ete. 1111111.
11111113 111111 111.

1111111111111 1111 111 wider 11111111. Nit lanng 1111111 .
81111 mein 111111 1111111111 (11111, 111 1111 111. 1111111111111111 111 vamum
111111111111 1111111111 1111 1111 111111111111111, 11111111111111111 ¹⁵¹¹· (1)
11111111, 11 ¹) 111 3111111111 1111111 111111111111111.

Im 1113.11111111111 1111111111 11 Κ111111111111111ἰ11 1111 ge·
11111111, 1111 11111111 111 11 1111111111111. 11111113 111 111111
1111111 111 11111111 mir, 11111111 11111111 111111 6111311 1111311, ”
(111. 811111 1111111111111118111111111111111111111111111111111-
111111111111111111,11111111111]“.111111111111111111111111111111-
111111111111111111111111111, 111 1111113 111 11 1111111111111
1111111111 - 111 111111 1111111 1111 1111111111 1111111- ,,1111
1111 111 11111 11111111 11111111 1111111.“ 1111111111 1111 11111111
1111111 1111111111. 1111111111 1111 mit 11111111 1111111 11111111-
111111, 11111111111111111111.111111111 1111. 1111111 was, 1111
1111 111 1111111 1111111 gal), 111 11111111111111111111111111111.

Mein 1111111111111111111 113111, 81111 11111111 111111 Maj. 111 11111
11111111, ,11111111 11111111311111 1111111 11“. 11111 8111111
11111111111111111111, 111311111111111811111111 111111 „sein 1111.
wollt, 111 11111111111111 1111111 1131· Des 11111111 11 111 1111111

1111111111111111. Β11111111111111111111;’ „mit dergleichen 111111

11111111 11 11111111.“ Der 1111111111111 31101111111111811111- 1111111111
1111111, 11111111111 3111111111, der 1111111111 11111, 111111. (1.)
1111 wollt sein 1111. 11111111111 111111. wir 1111111111 111 11111111

· willam 1111111111111111 111. 111 11111111 81111111. 81111111 speynung mma
,11111111111111 81111111 ⁸). 11 111 1111111111 111. 1111111111 (Η)

...ι-*υ*-

¹) ,1111111111 111 111 111. mit 1111111111111111 ,11111
¹) 1111111 11111111 11111 11111311111111, 11111111 111 11111111.
⁸) Du heisst: 111 11111111111111111111Ρ111111111111111. ,

 

