1333, 303

11111111, 111 dv 111 111111 1111 Ζ1111111ς111 11111 111 111111 1111
[nugat. 1111 nich 11111111 111111111111 111111111111111111111.
111111111111111 1111111 11111Ιί111 willon 11111 mainung. Geben in
11111181111111111111, 111 11111111 1111111 in dreyvnnddreissigi- 2. 11 „„„„„

1111. 11111111111111111111111111111 im 11111111, 111111111111111
im 81111111 11111.

1111111111, 11111111 111111, geu-enen Sigmunden von 1111111·
11111, dom 11111111111111 1111

1111111111 111.

111111, 111111, 11111111. 11111111 111111 wir dieh durch 111
111111 111111111, das 1111 1111111 11111111111151111111111111111111
1111111311 111111911111111111111111 gerent. Vnnd 11111111 an
(1111111111, 111 111 11111111111111 1111111111 1111111111111111111

1111 1111111111 11 1111 1111111111 (11111.) 1111111, (11111111111
11111 31111111 wir 1111 1111111111. 1111111111 1111 (1111111 1111, wie
1111 11111 111111 1111111111 1111111111, 11111111 11111 1111 1111111111
11111111, 8111111111 11111111 1111111111 111 113111111111 111111
1111111111 1111111. 111111 1111111111111 111111 1111ᾶί11 hegen-n vnnd
1111111111 11111111 11 1111111 1111111 1111111111111 111 11111111
1111 1111 111111111111 1111111111111111 dieb gar 111 11111111,
11111 1111111111 1111111111 11 11111111111 111111 1111 111111 111111
111111111111111111111111, 1111 (111 1111111 1111111111111111111111
1111 die 1111111111 ungat. 111111 11111111 1111 1111 1111111111 31-
1111111111111111 11111113. (11111 in 1111118111 Ynusprugg, 111
811111111111111, 1111111111111111311111, 111111111111111 111 111· 1111111.
1111111111 11111111111 1111 11111111 im 8111111111 1111.
11111 1111111, 11111111 nioben, 11111118111111111111 1111111·
11111, dom freyen, 11111111 nat

(ΒΖ. 281⁶.) [1111111111 111 11111111 111111 Augen gesch‘wkht,
1111 1111111111 „du 1111 maj. 111. 11111111 osterreich (11111 81111-
11113 11 1111111 111111, 1111111 11111111 1111111 111111111111, 111-
selbot 1111 1111 1111111111. 1111111.α uin zw bmgkhabitn 111 1111 11111111,
vandum-wistan 1113111111111111111111111111111113111 8111· 11111111.
burg 11111111. 1111111111 11111111111111 1111111111.

1111111111 111.

1111111, 111111, geu-m. Wir 1111111111 1111 1111111111, dn

wir 1111 1111 111111111111 11111111 1111111111111 1111 1111

 

