228 1111

1111111111 11 111111 01111181111111111 11111111111111111111111111,
(1111111111 1111, 111111111111111 ausgerieht, 111111111111111111
werd, 1111 11111111111111111111111111111111111111111111111111111
1111, 11111111 11111 8111111111 1111, 81 11111 sy (1111 (11111111 111-
giorung 1111111111 1111111111111111, 11111 die zuegeordennten
111111111111 1111111111, 1111111 Gesanndten begert, 111 11111111
gewaigert.

Vnnd, 11111111 sy in 111111 1111111 91111111 111 1111111118 nach
dem Jnngsten Lanndtag 11 0111111Ν11111ς 11 111111111 31111111,
So haben sy zw 11111111 11111 1111111111 von 1111111 11311 an 11
stat 1111111111 1111111 11111131111111011111 Richter: (1111 8111111111
1111 flag, 1111111 1111111111111111 13111111 111 11111111111111,
11111 1111111 Η11111111 1111111111131 11111111111 (111. 188⁸.)
111 1111111111. 111111111111 1113111111.

. 11111111 111111 111111 1181111111111111111(1111111111111111
111111111111111111111111111111, das sy 111 1111111111 Ρ1111111 11
1111 11111 1111111113, 111 111 111111111111311111111111111111111111
1181111111 1111111111111111111181111111111 11111111 11111313 1111,
11111 1111 1111111111111111 11111 111111 3111111111) 11111 111111
111111 11111111, 11111111111111111111111111111 11111 3111111111
1111111, 11 sy von 1111 11111.Δ

Danu 1111111111Ρ1111111 1111, 1111 81111111111111111111111
11111111, wie 1111111 111111181111111111 111111111111111111111311111
111111111111111111111, 1111 111111 wir 1111 11111111111181111111.
1111111111 Das Burgermaister 1111111111, wie 31111111111111111
1111111111111111 111, von nouem gekhiesst, 8111111111111111 1111
1111111111 111111111111111. 11111 11 1111 1111111111 111, 11111111
8111 111111111111111 genehen werden, das 1111111111111111 01113-
11111111111111111 1111111111, 11111111 111111 111111111111, 1111
11111111 ’1111 (Bt. 188⁶.) von 1111111 wegen zuleihen. 11111 1111
Burgermaister, 1111 11111 gemin, 111 1111 mit (111 11111111111 11111
111111111111111111111111,11111 11111 1111, 111 1111, Pan 11111
111111111111, 11111111111111111 3111111111.

81 11111 111111 11111 (111111111111 1131111 1111 wider 1111,
’ 1111 1111111111 1111111111111, 1111 wider 11111 8111111, 1111111
1111111111111 wider guet 111111 11111 geminen 1111111, ·

81 111111 111111 11111111111111111118111111111 1111111111
(11111 111 1111111, 81111111 auch gemainer 11111111111111111111111

 

