Α 333-3333. 307

133 111133311333 113331133113 1113113333 Angustia Paradeiser
3331 133133 333 8111331333. 113333 3333333313313331133 1133-
3313131333 1131313333.

1134.
11333131 331131.

13] 3313331331333333131 113 111. 1131. 33 1333113333 1333- 33. 33 aaaaa
133133 333 113113, 11313333313131, 13333 (1331331333 333 1131331331,
13333 1333313333313311333, mich, 13333 11131133 1131333313, 13333
Α31313338313311(Β1286·.) 3331 13333131333 1311, 1113 stet
133 113113, 133 113313333333 3331 31133 13333133 ordnung 33331333

3331 33331333 3333313311. 3133333133ιὲ

Goon 133313 331 13313331133. 1111113111

auch 3311 133

1133 113333133313131313133 February 333 1333 3331133313 3311 ffffi‘stfff) g'

133 13331133 3113 1333133333, 333311 herm 133313 333 Ρ333, 1333133333 21. 3333.
313, 3331 11313333 3331331133 3333333. (13331133333133 111311
333111. ”

1133 3333333133313131313133 3333113133113 1333, 3333 11133 33333.
3333, 3331 3333 1313331133 3333 133111.

1133 23. 3333 13133133 3133, 3333 831311133133 3133, 3331333333.
3333 11331113 3333 333111.

1133 xxiiij. 3333 111133131113133, 3333 0133133111 313 13113, 3333 33. Febr.
1331313133 133133113113, 3333 1111113333 133133113113, 3331 3333

133313 13313313113333111.

“ (111. 286⁶.) [133 3331333 133 113313 333 11313 331333, 3331 ²· mn.
133 11133133 3333 1111333 11333333. 111133· ¹

1331133331313.

111133, 113133, 33133333. wir 133133 331331333331111313331313
3331 131333 mit 1331333133 33331311333 133 dem 1113331 3313111333
13331133133133 81333133 31333 11333333 133311331311313 133
11333 333 131333 1333331331311111333133133 3313311133 33331333133,
3311333 13331313333 13133 13113 13 331333133311333331131, 3331
133333 131333 3313333333 33331133 3313313133. 3133333133 133
13331 1131 333311133 33333133 113131333311331131 13133131 3313, 1313

33311 33131131131311133313313113133 1133333 333333313333. 13333113
20·

 

