1117.

Martius.

(Βὶ. 41⁸.) 11111111 111 1111111 1111111111111111111111).
1111 1111111 1111 ς1111111111111·), 1111 111 1111111 tag 1111
ι .
W Ee 11111111 1111 111 111111 ⁸) 1111111, Emphiengen mich 111
11111111 111111111111111 111111, 111 mir 11111111111111111 1111111111

1111111111 worden, 11111111111111111111, 111111 mich 1111111111111 .

811111111, 1111 1111111 mit 1111111111 81111118111111111. 811111
11111111 11111111. 1111111111ςί1 (1111111111811111111181111111,
111111111111. 11111 1111111111 Ρ1111111 11111111 11 111111111111,
111811111111111111111,1111 11 111 11111111 1111111111111111. Des
tage 111111 111111 111 Τ111311111Ρ11111111. 111 111 1111111111111
1111111111, 1111 1111 11 11111111111Η111111, 111111 11111111
11111111 1111111111 1111111111 was. 1111 Vico θ1111111111Ρ1111,Η111
1111111111111, 111111111 11111111111111 Ρ111111Ι, ward 111111-
1111111111111111111 1111113111. 111 111111111311111, (ΒΙ. 42’.).
1111111111111111111, 111111111111 11111111, 111 1111111111111111
1111111111. 11111 111 11111111111111111111 mit 111 1111111311111
1111111111 1111 Bury, 1111 1111111, 1111 11 1111111131. [1111111113
1111111111 11111131311111111111 ,11111111 111 mall bewilligt 1111
1131111,1111111111111111111111111111111111,11111111111111111111.
1111111111.ιι 11111111 111111111111111 durch 111 1111111111 Herm 11-

1111111. 111 11111111111111111 11111111 worden 111111 11111111 .

111 11111111111, 111 1111111 1) 1111 1111111111111111111111,111
11111111 1138111111111 im 1111111111 0111 1111131111111111,
11111111111111111, 111111, 1111 sy 1111111111 1111111111111111,
11111 111 11 11111Η1111 3111111. 11111111111111113111111. 111

, 1111111111111 111111111 111 111111 111 111 111111 1111111111. 111 111- .

11111 1110111111111110111111111,111Η11111111111 Bury Gesanndten.

111111111111111111111 Ν111111111 1), 1111111111. 1111 11111111111 ,
(111. 42⁶.) geen 8111111111, 1111111111. 1111 1131111111111111

Ι) 01111111, 1111111111 111 1111111.
³) 11111111,111111111111 111111.
1) D. i. 111111.

1) 11111 1111111111.

⁵) 1111111111 11 111 111111.
Fontes. vlu.

 

