61111, iohannes. 116.

61111, sevorio. 323. 327. 311.

6111111,Ρ1111111, 611111. Τ11111.
116. 267.

6111111, 1. 6111111.

611311, 11111111161111. 178.

611311, 11111111. 178.

Borissos. 131, 269. 276.

61111111111, 61111, -- 6111111.
136. 269. 287.

6111111. 166. 696.

6111111, Herzog Laurentius 111161

611111, 1111161113. 112166.

611111. 318. 113. 118. 168. 186.
618.

611111, 11161131639. 186.

611111. 226.

6111111,11111 Ι. 1111113111. 161.
166. 167168. 166. 179. 186.
6111111. 187. 661. 611. 616. 626.

629.
61116111113, 1111311111 ron.
88. 99.
61116111113.11111311.1111111.,
6111. roo 111111. 88. 89. 136. 261.
368. 386. 116.
61116111113,11111111611611-
3111, 11111311. 161. 632. 633. 631.
61116111113, Friedrich 611
1111111, 1111131. ron. 126.
61116111113, 1111131. 61113 v.
316. 367. 366111. 116.
61111111113, 111113111 1111111.
191. 193. 266. 268. 269. 216. 221.
61116111113, 1111131111 nonus,
1111111111. 6111111111 ron. 186.
61111111113, 61111111 1. 111,
6111111111. 89. 96.
61116111113, 1111111111. von,
61111. 311. 368. 611.
61116111113,111131.61111111.133.
236. 281. 168. 116. 112. 113. 126.
61116111113, 611 81161. 96.
6111611, hoton 111. 163.

6111611, Signi. von. 116171181. ,

189. 166.

639 .

611161111. 666.

61111111. 111.

611111111113, Herzog christoph
111. 83. 97.

611111111113, 61111361111111.
71. 98126.

611111111113,6111161111169.

611111111113, 61111111111111.
182193. 661. 611. 626. 628. 631.

611111111113-11111113, 611111.
11111111, 6111. 16111111. 168.

611111111113-611111111111,
6111131111-6111111. Phiiipp. 631.

611111111113,811111111111663.
631.

6113111. 161. 166.

61111111. 166.

61111311. 117.

cremon, 6111111111 ron. 67.

6111111, 6111111111 christoph, 611-
1131611111111113. 83. 168.

6111111, horr 1111111 von. 116.

6111111, 611. 618. 633.

611111, 61111. 177. 223.

6111111. 73223126. 136. 132. 131.
136138.

6111111. 296. 291. 263. 378.

6111111, 61111111 ron. 278.

6111111, 6111111 611111111 ron. 316.
366391392.

6111111, 611111161111111. 291.

6111111111. 378391. 393.

611111, 6111111111. 667669.

6111 n 11, 11111 Philipp. 369. 316.

61111111222.

6111111ε6η11111111111131266.
286. 326. 326.

611111, 61111111. 116. 171. 199. 666.

611111, 61111116 11161111 6111111.
198199.

611111, 6111111 christoph Ι. 132.
163.

611111, christoph ΙΙ. 61111, 61111.

666. 611.
611111, 61111. 61113 V. 111186.

166197168199. ⁴

 

