111111111 111 811111. 11111111. 120.
111189. 171. 173. 812.

111111111 111 Β11111,Ρ11111 11311111.
181189171.

1111111111, Ρ1111111111111. 198. 812.
811.

1111-Τὶ11111111. 322. 323. 321.

1111111. 282. 380. 389.

1111111111ἓ1111111111.108. 11111.
111. 108.

11111, 111111. 117.

1113113311, 111. Paul, 81111113.
1211111308,

1111111, 111. 188.

111111111, 0111111111111111011111.

88.

1111111111, 9111111 11 11111131111111.
11.

11111111113. 132. 208291.

11111, 111111. 288.

11111111111. 307.

111111111111. 280132118. 187.
198. 801. 802. 803. 801. 811. 818.
818. 827. 833.

1111111-11111111. 211.

11111111, 111111. 112. 278. 280. 328.
320.’

111111111111, 111111. 289. 321

11111111. 209. 271. 272. 273.

11111, 13111111, 111 9111111111. 181.

11111113. 279.

1111111. 221.

11111111-- 111111331111. 388.

1111111. 118. 118.

11111111111, 111111. 827.

11111111113. 117.

111111, 81111. 819.

11111111311. 283. 178. 827.

11131111, (1111 11111111. 288. 271.
171. 278. 279. 318. 103.

Non, 11113137. 188178.

1111113, 8111111. 93.

11111111, 8111111. 93.

11111111111,1.111111311.

81111311. 97.

883

1111111111. 328. 328.

1111111. 223.

111131111,111111-. 118. 111118.
128130.

11111-111111111. 288.

Novo-Garum.131.286.287.³24. ¹
327. ’

11111-11111111. 289.

1111111113. 88. 100. 288281. 311.
180. 1831811118. 188. 801. 813.
818.

1111111113, 01011. 8111111111. 287.

Nursia, 1111311111. 102.

111111113, 111. 10.

111111311111. 388.

1111811113. 92. 91.

0111-11111111. 108108.

01111111. 307.

0111-11111111.187.

01111111311,11111111. 372.

0111111111, 1. 0111811111.

011111289.

0111111111,Η111Ρ11111Ρ1111.110.

01111111, 11111111111111. 300.

01111111111131111111111111110.

011111, 81111. 98.

1111111111. 111.

0111, 111111. 108. 109. 280. 278.
288. 371. 390.

01111113. 109288.

oecolampadius. 813.

0111111113. 81. 281.

01111, 111111, 81111111. 287.

011, 111111. 109.
01111111111.117. 180. 821.
01111111111, 11111. (11113 1.,81111.

11 811111. 198. 191198. 199.

01111111111 111. 11111. 189. 301.

011113, 11111. 101.

011111311, 11111111. 112.

0111. 81. 133. 131. 283. 208. 281.
289. 298. 330. 333. 381. 382. 103.
101. 108. 108. 107. 109. 110111.
118. 181. 808. 808. 807. 808. 803.
810. 818. 830.

aa·

 

